ts,1,2,3,4,5,6,7,8,9,10,11,12,13,14,15,16,17,18,19,20,21,22,23,24,25,26,27,28,29,30,31,32,33,34,35,36,37,38,39,40,41,42,43,44,45,46,47,48,49,50,51,52,53,54,55,56,57,58,59,60,61,62,63,64,65,66,67,68,69,70,71,72,73,74,75,76,77,78,79,80,81,82,83,84,85,86,87,88,89,90,91,92,93,94,95,96,97,98,99,100,101,102,103,104,105,106,107,108,109,110,111,112,113,114,115,116,117,118,119,120,121,122,123,124,125,126,127,128,129,130,131,132,133,134,135,136,137,138,139,140,141,142,143,144,145,146,147,148
1516809601,101222,37990,119201,22096,118345,58993,69199,22334,49558,18929,40913,83251,21866,18527,15392,52103,40899,93051,53544,119339,48201,14205,83386,10536,12688,13633,39090,7896,11887,32541,15180,10718,208548,6147,31584,20922,4957,2975,54981,53908,102925,12601,10461,50270,173020,25236,3426,186397,51197,2969,21291,31348,14004,12493,16632,4056,7788,8897,4081,16104,6098,97399,56201,19846,69870,39054,11361,22623,63997,10380,28221,21411,8043,13060,1753,38419,22448,83582,89863,48076,12288,27294,159251,24922,97718,26240,11775,25575,3437,6297,158788,6543,17330,56721,11998,9702,16455,12766,11347,16021,15464,26785,130583,6823,181415,6409,101176,10322,105739,159688,177176,35401,17493,37137,55609,25137,13322,5963,54425,45588,40761,10752,66965,24910,1518,6438,46723,22735,26666,18756,6112,22445,58683,86373,31888,56026,10065,54589,67999,8223,66961,10988,15517,88673,37206,8982,3539,22469
1516809901,101222,37990,119201,22096,118345,58993,69199,22334,49558,18929,40913,83251,21866,18527,15392,52103,40899,93051,53544,119339,48201,14205,83386,10536,12688,13633,39090,7896,11887,32541,15180,10718,208548,6147,31584,20922,4957,2975,54981,53908,102925,12601,10461,50270,173020,25236,3426,186397,51197,2969,21291,31348,14004,12493,16632,4056,7788,8897,4081,16104,6098,97399,56201,19846,69870,39054,11361,22623,63997,10380,28221,21411,8043,13060,1753,38419,22448,83582,89863,48076,12288,27294,159251,24922,97718,26240,11775,25575,3437,6297,158788,6543,17330,56721,11998,9702,16455,12766,11347,16021,15464,26785,130583,6823,181415,6409,101176,10322,105739,159688,177176,35401,17493,37137,55609,25137,13322,5963,54425,45588,40761,10752,66965,24910,1518,6438,46723,22735,26666,18756,6112,22445,58683,86373,31888,56026,10065,54589,67999,8223,66961,10988,15517,88673,37206,8982,3539,22469
1516810201,101222,37990,119201,22096,118345,58993,69199,22334,49558,18929,40913,83251,21866,18527,15392,52103,40899,93051,53544,119339,48201,14205,83386,10536,12688,13633,39090,7896,11887,32541,15180,10718,208548,6147,31584,20922,4957,2975,54981,53908,102925,12601,10461,50270,173020,25236,3426,186397,51197,2969,21291,31348,14004,12493,16632,4056,7788,8897,4081,16104,6098,97399,56201,19846,69870,39054,11361,22623,63997,10380,28221,21411,8043,13060,1753,38419,22448,83582,89863,48076,12288,27294,159251,24922,97718,26240,11775,25575,3437,6297,158788,6543,17330,56721,11998,9702,16455,12766,11347,16021,15464,26785,130583,6823,181415,6409,101176,10322,105739,159688,177176,35401,17493,37137,55609,25137,13322,5963,54425,45588,40761,10752,66965,24910,1518,6438,46723,22735,26666,18756,6112,22445,58683,86373,31888,56026,10065,54589,67999,8223,66961,10988,15517,88673,37206,8982,3539,22469
1516810501,101222,37990,119201,22096,118345,58993,69199,22334,49558,18929,40913,83251,21866,18527,15392,52103,40899,93051,53544,119339,48201,14205,83386,10536,12688,13633,39090,7896,11887,32541,15180,10718,208548,6147,31584,20922,4957,2975,54981,53908,102925,12601,10461,50270,173020,25236,3426,186397,51197,2969,21291,31348,14004,12493,16632,4056,7788,8897,4081,16104,6098,97399,56201,19846,69870,39054,11361,22623,63997,10380,28221,21411,8043,13060,1753,38419,22448,83582,89863,48076,12288,27294,159251,24922,97718,26240,11775,25575,3437,6297,158788,6543,17330,56721,11998,9702,16455,12766,11347,16021,15464,26785,130583,6823,181415,6409,101176,10322,105739,159688,177176,35401,17493,37137,55609,25137,13322,5963,54425,45588,40761,10752,66965,24910,1518,6438,46723,22735,26666,18756,6112,22445,58683,86373,31888,56026,10065,54589,67999,8223,66961,10988,15517,88673,37206,8982,3539,22469
1516810801,101222,37990,119201,22096,118345,58993,69199,22334,49558,18929,40913,83251,21866,18527,15392,52103,40899,93051,53544,119339,48201,14205,83386,10536,12688,13633,39090,7896,11887,32541,15180,10718,208548,6147,31584,20922,4957,2975,54981,53908,102925,12601,10461,50270,173020,25236,3426,186397,51197,2969,21291,31348,14004,12493,16632,4056,7788,8897,4081,16104,6098,97399,56201,19846,69870,39054,11361,22623,63997,10380,28221,21411,8043,13060,1753,38419,22448,83582,89863,48076,12288,27294,159251,24922,97718,26240,11775,25575,3437,6297,158788,6543,17330,56721,11998,9702,16455,12766,11347,16021,15464,26785,130583,6823,181415,6409,101176,10322,105739,159688,177176,35401,17493,37137,55609,25137,13322,5963,54425,45588,40761,10752,66965,24910,1518,6438,46723,22735,26666,18756,6112,22445,58683,86373,31888,56026,10065,54589,67999,8223,66961,10988,15517,88673,37206,8982,3539,22469
1516811101,101222,37990,119201,22096,118345,58993,69199,22334,49558,18929,40913,83251,21866,18527,15392,52103,40899,93051,53544,119339,48201,14205,83386,10536,12688,13633,39090,7896,11887,32541,15180,10718,208548,6147,31584,20922,4957,2975,54981,53908,102925,12601,10461,50270,173020,25236,3426,186397,51197,2969,21291,31348,14004,12493,16632,4056,7788,8897,4081,16104,6098,97399,56201,19846,69870,39054,11361,22623,63997,10380,28221,21411,8043,13060,1753,38419,22448,83582,89863,48076,12288,27294,159251,24922,97718,26240,11775,25575,3437,6297,158788,6543,17330,56721,11998,9702,16455,12766,11347,16021,15464,26785,130583,6823,181415,6409,101176,10322,105739,159688,177176,35401,17493,37137,55609,25137,13322,5963,54425,45588,40761,10752,66965,24910,1518,6438,46723,22735,26666,18756,6112,22445,58683,86373,31888,56026,10065,54589,67999,8223,66961,10988,15517,88673,37206,8982,3539,22469
1516811401,101222,37990,119201,22096,118345,58993,69199,22334,49558,18929,40913,83251,21866,18527,15392,52103,40899,93051,53544,119339,48201,14205,83386,10536,12688,13633,39090,7896,11887,32541,15180,10718,208548,6147,31584,20922,4957,2975,54981,53908,102925,12601,10461,50270,173020,25236,3426,186397,51197,2969,21291,31348,14004,12493,16632,4056,7788,8897,4081,16104,6098,97399,56201,19846,69870,39054,11361,22623,63997,10380,28221,21411,8043,13060,1753,38419,22448,83582,89863,48076,12288,27294,159251,24922,97718,26240,11775,25575,3437,6297,158788,6543,17330,56721,11998,9702,16455,12766,11347,16021,15464,26785,130583,6823,181415,6409,101176,10322,105739,159688,177176,35401,17493,37137,55609,25137,13322,5963,54425,45588,40761,10752,66965,24910,1518,6438,46723,22735,26666,18756,6112,22445,58683,86373,31888,56026,10065,54589,67999,8223,66961,10988,15517,88673,37206,8982,3539,22469
1516811701,101222,37990,119201,22096,118345,58993,69199,22334,49558,18929,40913,83251,21866,18527,15392,52103,40899,93051,53544,119339,48201,14205,83386,10536,12688,13633,39090,7896,11887,32541,15180,10718,208548,6147,31584,20922,4957,2975,54981,53908,102925,12601,10461,50270,173020,25236,3426,186397,51197,2969,21291,31348,14004,12493,16632,4056,7788,8897,4081,16104,6098,97399,56201,19846,69870,39054,11361,22623,63997,10380,28221,21411,8043,13060,1753,38419,22448,83582,89863,48076,12288,27294,159251,24922,97718,26240,11775,25575,3437,6297,158788,6543,17330,56721,11998,9702,16455,12766,11347,16021,15464,26785,130583,6823,181415,6409,101176,10322,105739,159688,177176,35401,17493,37137,55609,25137,13322,5963,54425,45588,40761,10752,66965,24910,1518,6438,46723,22735,26666,18756,6112,22445,58683,86373,31888,56026,10065,54589,67999,8223,66961,10988,15517,88673,37206,8982,3539,22469
1516812001,101222,37990,119201,22096,118345,58993,69199,22334,49558,18929,40913,83251,21866,18527,15392,52103,40899,93051,53544,119339,48201,14205,83386,10536,12688,13633,39090,7896,11887,32541,15180,10718,208548,6147,31584,20922,4957,2975,54981,53908,102925,12601,10461,50270,173020,25236,3426,186397,51197,2969,21291,31348,14004,12493,16632,4056,7788,8897,4081,16104,6098,97399,56201,19846,69870,39054,11361,22623,63997,10380,28221,21411,8043,13060,1753,38419,22448,83582,89863,48076,12288,27294,159251,24922,97718,26240,11775,25575,3437,6297,158788,6543,17330,56721,11998,9702,16455,12766,11347,16021,15464,26785,130583,6823,181415,6409,101176,10322,105739,159688,177176,35401,17493,37137,55609,25137,13322,5963,54425,45588,40761,10752,66965,24910,1518,6438,46723,22735,26666,18756,6112,22445,58683,86373,31888,56026,10065,54589,67999,8223,66961,10988,15517,88673,37206,8982,3539,22469
1516812301,101222,37990,119201,22096,118345,58993,69199,22334,49558,18929,40913,83251,21866,18527,15392,52103,40899,93051,53544,119339,48201,14205,83386,10536,12688,13633,39090,7896,11887,32541,15180,10718,208548,6147,31584,20922,4957,2975,54981,53908,102925,12601,10461,50270,173020,25236,3426,186397,51197,2969,21291,31348,14004,12493,16632,4056,7788,8897,4081,16104,6098,97399,56201,19846,69870,39054,11361,22623,63997,10380,28221,21411,8043,13060,1753,38419,22448,83582,89863,48076,12288,27294,159251,24922,97718,26240,11775,25575,3437,6297,158788,6543,17330,56721,11998,9702,16455,12766,11347,16021,15464,26785,130583,6823,181415,6409,101176,10322,105739,159688,177176,35401,17493,37137,55609,25137,13322,5963,54425,45588,40761,10752,66965,24910,1518,6438,46723,22735,26666,18756,6112,22445,58683,86373,31888,56026,10065,54589,67999,8223,66961,10988,15517,88673,37206,8982,3539,22469
1516812601,101222,37990,119201,22096,118345,58993,69199,22334,49558,18929,40913,83251,21866,18527,15392,52103,40899,93051,53544,119339,48201,14205,83386,10536,12688,13633,39090,7896,11887,32541,15180,10718,208548,6147,31584,20922,4957,2975,54981,53908,102925,12601,10461,50270,173020,25236,3426,186397,51197,2969,21291,31348,14004,12493,16632,4056,7788,8897,4081,16104,6098,97399,56201,19846,69870,39054,11361,22623,63997,10380,28221,21411,8043,13060,1753,38419,22448,83582,89863,48076,12288,27294,159251,24922,97718,26240,11775,25575,3437,6297,158788,6543,17330,56721,11998,9702,16455,12766,11347,16021,15464,26785,130583,6823,181415,6409,101176,10322,105739,159688,177176,35401,17493,37137,55609,25137,13322,5963,54425,45588,40761,10752,66965,24910,1518,6438,46723,22735,26666,18756,6112,22445,58683,86373,31888,56026,10065,54589,67999,8223,66961,10988,15517,88673,37206,8982,3539,22469
1516812901,101222,37990,119201,22096,118345,58993,69199,22334,49558,18929,40913,83251,21866,18527,15392,52103,40899,93051,53544,119339,48201,14205,83386,10536,12688,13633,39090,7896,11887,32541,15180,10718,208548,6147,31584,20922,4957,2975,54981,53908,102925,12601,10461,50270,173020,25236,3426,186397,51197,2969,21291,31348,14004,12493,16632,4056,7788,8897,4081,16104,6098,97399,56201,19846,69870,39054,11361,22623,63997,10380,28221,21411,8043,13060,1753,38419,22448,83582,89863,48076,12288,27294,159251,24922,97718,26240,11775,25575,3437,6297,158788,6543,17330,56721,11998,9702,16455,12766,11347,16021,15464,26785,130583,6823,181415,6409,101176,10322,105739,159688,177176,35401,17493,37137,55609,25137,13322,5963,54425,45588,40761,10752,66965,24910,1518,6438,46723,22735,26666,18756,6112,22445,58683,86373,31888,56026,10065,54589,67999,8223,66961,10988,15517,88673,37206,8982,3539,22469
1516813201,101222,37990,119201,22096,118345,58993,69199,22334,49558,18929,40913,83251,21866,18527,15392,52103,40899,93051,53544,119339,48201,14205,83386,10536,12688,13633,39090,7896,11887,32541,15180,10718,208548,6147,31584,20922,4957,2975,54981,53908,102925,12601,10461,50270,173020,25236,3426,186397,51197,2969,21291,31348,14004,12493,16632,4056,7788,8897,4081,16104,6098,97399,56201,19846,69870,39054,11361,22623,63997,10380,28221,21411,8043,13060,1753,38419,22448,83582,89863,48076,12288,27294,159251,24922,97718,26240,11775,25575,3437,6297,158788,6543,17330,56721,11998,9702,16455,12766,11347,16021,15464,26785,130583,6823,181415,6409,101176,10322,105739,159688,177176,35401,17493,37137,55609,25137,13322,5963,54425,45588,40761,10752,66965,24910,1518,6438,46723,22735,26666,18756,6112,22445,58683,86373,31888,56026,10065,54589,67999,8223,66961,10988,15517,88673,37206,8982,3539,22469
1516813501,101222,37990,119201,22096,118345,58993,69199,22334,49558,18929,40913,83251,21866,18527,15392,52103,40899,93051,53544,119339,48201,14205,83386,10536,12688,13633,39090,7896,11887,32541,15180,10718,208548,6147,31584,20922,4957,2975,54981,53908,102925,12601,10461,50270,173020,25236,3426,186397,51197,2969,21291,31348,14004,12493,16632,4056,7788,8897,4081,16104,6098,97399,56201,19846,69870,39054,11361,22623,63997,10380,28221,21411,8043,13060,1753,38419,22448,83582,89863,48076,12288,27294,159251,24922,97718,26240,11775,25575,3437,6297,158788,6543,17330,56721,11998,9702,16455,12766,11347,16021,15464,26785,130583,6823,181415,6409,101176,10322,105739,159688,177176,35401,17493,37137,55609,25137,13322,5963,54425,45588,40761,10752,66965,24910,1518,6438,46723,22735,26666,18756,6112,22445,58683,86373,31888,56026,10065,54589,67999,8223,66961,10988,15517,88673,37206,8982,3539,22469
1516813801,101222,37990,119201,22096,118345,58993,69199,22334,49558,18929,40913,83251,21866,18527,15392,52103,40899,93051,53544,119339,48201,14205,83386,10536,12688,13633,39090,7896,11887,32541,15180,10718,208548,6147,31584,20922,4957,2975,54981,53908,102925,12601,10461,50270,173020,25236,3426,186397,51197,2969,21291,31348,14004,12493,16632,4056,7788,8897,4081,16104,6098,97399,56201,19846,69870,39054,11361,22623,63997,10380,28221,21411,8043,13060,1753,38419,22448,83582,89863,48076,12288,27294,159251,24922,97718,26240,11775,25575,3437,6297,158788,6543,17330,56721,11998,9702,16455,12766,11347,16021,15464,26785,130583,6823,181415,6409,101176,10322,105739,159688,177176,35401,17493,37137,55609,25137,13322,5963,54425,45588,40761,10752,66965,24910,1518,6438,46723,22735,26666,18756,6112,22445,58683,86373,31888,56026,10065,54589,67999,8223,66961,10988,15517,88673,37206,8982,3539,22469
1516814101,101222,37990,119201,22096,118345,58993,69199,22334,49558,18929,40913,83251,21866,18527,15392,52103,40899,93051,53544,119339,48201,14205,83386,10536,12688,13633,39090,7896,11887,32541,15180,10718,208548,6147,31584,20922,4957,2975,54981,53908,102925,12601,10461,50270,173020,25236,3426,186397,51197,2969,21291,31348,14004,12493,16632,4056,7788,8897,4081,16104,6098,97399,56201,19846,69870,39054,11361,22623,63997,10380,28221,21411,8043,13060,1753,38419,22448,83582,89863,48076,12288,27294,159251,24922,97718,26240,11775,25575,3437,6297,158788,6543,17330,56721,11998,9702,16455,12766,11347,16021,15464,26785,130583,6823,181415,6409,101176,10322,105739,159688,177176,35401,17493,37137,55609,25137,13322,5963,54425,45588,40761,10752,66965,24910,1518,6438,46723,22735,26666,18756,6112,22445,58683,86373,31888,56026,10065,54589,67999,8223,66961,10988,15517,88673,37206,8982,3539,22469
1516814401,101222,37990,119201,22096,118345,58993,69199,22334,49558,18929,40913,83251,21866,18527,15392,52103,40899,93051,53544,119339,48201,14205,83386,10536,12688,13633,39090,7896,11887,32541,15180,10718,208548,6147,31584,20922,4957,2975,54981,53908,102925,12601,10461,50270,173020,25236,3426,186397,51197,2969,21291,31348,14004,12493,16632,4056,7788,8897,4081,16104,6098,97399,56201,19846,69870,39054,11361,22623,63997,10380,28221,21411,8043,13060,1753,38419,22448,83582,89863,48076,12288,27294,159251,24922,97718,26240,11775,25575,3437,6297,158788,6543,17330,56721,11998,9702,16455,12766,11347,16021,15464,26785,130583,6823,181415,6409,101176,10322,105739,159688,177176,35401,17493,37137,55609,25137,13322,5963,54425,45588,40761,10752,66965,24910,1518,6438,46723,22735,26666,18756,6112,22445,58683,86373,31888,56026,10065,54589,67999,8223,66961,10988,15517,88673,37206,8982,3539,22469
1516814701,101222,37990,119201,22096,118345,58993,69199,22334,49558,18929,40913,83251,21866,18527,15392,52103,40899,93051,53544,119339,48201,14205,83386,10536,12688,13633,39090,7896,11887,32541,15180,10718,208548,6147,31584,20922,4957,2975,54981,53908,102925,12601,10461,50270,173020,25236,3426,186397,51197,2969,21291,31348,14004,12493,16632,4056,7788,8897,4081,16104,6098,97399,56201,19846,69870,39054,11361,22623,63997,10380,28221,21411,8043,13060,1753,38419,22448,83582,89863,48076,12288,27294,159251,24922,97718,26240,11775,25575,3437,6297,158788,6543,17330,56721,11998,9702,16455,12766,11347,16021,15464,26785,130583,6823,181415,6409,101176,10322,105739,159688,177176,35401,17493,37137,55609,25137,13322,5963,54425,45588,40761,10752,66965,24910,1518,6438,46723,22735,26666,18756,6112,22445,58683,86373,31888,56026,10065,54589,67999,8223,66961,10988,15517,88673,37206,8982,3539,22469
1516815001,101222,37990,119201,22096,118345,58993,69199,22334,49558,18929,40913,83251,21866,18527,15392,52103,40899,93051,53544,119339,48201,14205,83386,10536,12688,13633,39090,7896,11887,32541,15180,10718,208548,6147,31584,20922,4957,2975,54981,53908,102925,12601,10461,50270,173020,25236,3426,186397,51197,2969,21291,31348,14004,12493,16632,4056,7788,8897,4081,16104,6098,97399,56201,19846,69870,39054,11361,22623,63997,10380,28221,21411,8043,13060,1753,38419,22448,83582,89863,48076,12288,27294,159251,24922,97718,26240,11775,25575,3437,6297,158788,6543,17330,56721,11998,9702,16455,12766,11347,16021,15464,26785,130583,6823,181415,6409,101176,10322,105739,159688,177176,35401,17493,37137,55609,25137,13322,5963,54425,45588,40761,10752,66965,24910,1518,6438,46723,22735,26666,18756,6112,22445,58683,86373,31888,56026,10065,54589,67999,8223,66961,10988,15517,88673,37206,8982,3539,22469
1516815301,101222,37990,119201,22096,118345,58993,69199,22334,49558,18929,40913,83251,21866,18527,15392,52103,40899,93051,53544,119339,48201,14205,83386,10536,12688,13633,39090,7896,11887,32541,15180,10718,208548,6147,31584,20922,4957,2975,54981,53908,102925,12601,10461,50270,173020,25236,3426,186397,51197,2969,21291,31348,14004,12493,16632,4056,7788,8897,4081,16104,6098,97399,56201,19846,69870,39054,11361,22623,63997,10380,28221,21411,8043,13060,1753,38419,22448,83582,89863,48076,12288,27294,159251,24922,97718,26240,11775,25575,3437,6297,158788,6543,17330,56721,11998,9702,16455,12766,11347,16021,15464,26785,130583,6823,181415,6409,101176,10322,105739,159688,177176,35401,17493,37137,55609,25137,13322,5963,54425,45588,40761,10752,66965,24910,1518,6438,46723,22735,26666,18756,6112,22445,58683,86373,31888,56026,10065,54589,67999,8223,66961,10988,15517,88673,37206,8982,3539,22469
1516815601,101222,37990,119201,22096,118345,58993,69199,22334,49558,18929,40913,83251,21866,18527,15392,52103,40899,93051,53544,119339,48201,14205,83386,10536,12688,13633,39090,7896,11887,32541,15180,10718,208548,6147,31584,20922,4957,2975,54981,53908,102925,12601,10461,50270,173020,25236,3426,186397,51197,2969,21291,31348,14004,12493,16632,4056,7788,8897,4081,16104,6098,97399,56201,19846,69870,39054,11361,22623,63997,10380,28221,21411,8043,13060,1753,38419,22448,83582,89863,48076,12288,27294,159251,24922,97718,26240,11775,25575,3437,6297,158788,6543,17330,56721,11998,9702,16455,12766,11347,16021,15464,26785,130583,6823,181415,6409,101176,10322,105739,159688,177176,35401,17493,37137,55609,25137,13322,5963,54425,45588,40761,10752,66965,24910,1518,6438,46723,22735,26666,18756,6112,22445,58683,86373,31888,56026,10065,54589,67999,8223,66961,10988,15517,88673,37206,8982,3539,22469
1516815901,101222,37990,119201,22096,118345,58993,69199,22334,49558,18929,40913,83251,21866,18527,15392,52103,40899,93051,53544,119339,48201,14205,83386,10536,12688,13633,39090,7896,11887,32541,15180,10718,208548,6147,31584,20922,4957,2975,54981,53908,102925,12601,10461,50270,173020,25236,3426,186397,51197,2969,21291,31348,14004,12493,16632,4056,7788,8897,4081,16104,6098,97399,56201,19846,69870,39054,11361,22623,63997,10380,28221,21411,8043,13060,1753,38419,22448,83582,89863,48076,12288,27294,159251,24922,97718,26240,11775,25575,3437,6297,158788,6543,17330,56721,11998,9702,16455,12766,11347,16021,15464,26785,130583,6823,181415,6409,101176,10322,105739,159688,177176,35401,17493,37137,55609,25137,13322,5963,54425,45588,40761,10752,66965,24910,1518,6438,46723,22735,26666,18756,6112,22445,58683,86373,31888,56026,10065,54589,67999,8223,66961,10988,15517,88673,37206,8982,3539,22469
1516816201,101222,37990,119201,22096,118345,58993,69199,22334,49558,18929,40913,83251,21866,18527,15392,52103,40899,93051,53544,119339,48201,14205,83386,10536,12688,13633,39090,7896,11887,32541,15180,10718,208548,6147,31584,20922,4957,2975,54981,53908,102925,12601,10461,50270,173020,25236,3426,186397,51197,2969,21291,31348,14004,12493,16632,4056,7788,8897,4081,16104,6098,97399,56201,19846,69870,39054,11361,22623,63997,10380,28221,21411,8043,13060,1753,38419,22448,83582,89863,48076,12288,27294,159251,24922,97718,26240,11775,25575,3437,6297,158788,6543,17330,56721,11998,9702,16455,12766,11347,16021,15464,26785,130583,6823,181415,6409,101176,10322,105739,159688,177176,35401,17493,37137,55609,25137,13322,5963,54425,45588,40761,10752,66965,24910,1518,6438,46723,22735,26666,18756,6112,22445,58683,86373,31888,56026,10065,54589,67999,8223,66961,10988,15517,88673,37206,8982,3539,22469
1516816502,101222,37990,119201,22096,118345,58993,69199,22334,49558,18929,40913,83251,21866,18527,15392,52103,40899,93051,53544,119339,48201,14205,83386,10536,12688,13633,39090,7896,11887,32541,15180,10718,208548,6147,31584,20922,4957,2975,54981,53908,102925,12601,10461,50270,173020,25236,3426,186397,51197,2969,21291,31348,14004,12493,16632,4056,7788,8897,4081,16104,6098,97399,56201,19846,69870,39054,11361,22623,63997,10380,28221,21411,8043,13060,1753,38419,22448,83582,89863,48076,12288,27294,159251,24922,97718,26240,11775,25575,3437,6297,158788,6543,17330,56721,11998,9702,16455,12766,11347,16021,15464,26785,130583,6823,181415,6409,101176,10322,105739,159688,177176,35401,17493,37137,55609,25137,13322,5963,54425,45588,40761,10752,66965,24910,1518,6438,46723,22735,26666,18756,6112,22445,58683,86373,31888,56026,10065,54589,67999,8223,66961,10988,15517,88673,37206,8982,3539,22469
1516816801,101222,37990,119201,22096,118345,58993,69199,22334,49558,18929,40913,83251,21866,18527,15392,52103,40899,93051,53544,119339,48201,14205,83386,10536,12688,13633,39090,7896,11887,32541,15180,10718,208548,6147,31584,20922,4957,2975,54981,53908,102925,12601,10461,50270,173020,25236,3426,186397,51197,2969,21291,31348,14004,12493,16632,4056,7788,8897,4081,16104,6098,97399,56201,19846,69870,39054,11361,22623,63997,10380,28221,21411,8043,13060,1753,38419,22448,83582,89863,48076,12288,27294,159251,24922,97718,26240,11775,25575,3437,6297,158788,6543,17330,56721,11998,9702,16455,12766,11347,16021,15464,26785,130583,6823,181415,6409,101176,10322,105739,159688,177176,35401,17493,37137,55609,25137,13322,5963,54425,45588,40761,10752,66965,24910,1518,6438,46723,22735,26666,18756,6112,22445,58683,86373,31888,56026,10065,54589,67999,8223,66961,10988,15517,88673,37206,8982,3539,22469
1516817101,101222,37990,119201,22096,118345,58993,69199,22334,49558,18929,40913,83251,21866,18527,15392,52103,40899,93051,53544,119339,48201,14205,83386,10536,12688,13633,39090,7896,11887,32541,15180,10718,208548,6147,31584,20922,4957,2975,54981,53908,102925,12601,10461,50270,173020,25236,3426,186397,51197,2969,21291,31348,14004,12493,16632,4056,7788,8897,4081,16104,6098,97399,56201,19846,69870,39054,11361,22623,63997,10380,28221,21411,8043,13060,1753,38419,22448,83582,89863,48076,12288,27294,159251,24922,97718,26240,11775,25575,3437,6297,158788,6543,17330,56721,11998,9702,16455,12766,11347,16021,15464,26785,130583,6823,181415,6409,101176,10322,105739,159688,177176,35401,17493,37137,55609,25137,13322,5963,54425,45588,40761,10752,66965,24910,1518,6438,46723,22735,26666,18756,6112,22445,58683,86373,31888,56026,10065,54589,67999,8223,66961,10988,15517,88673,37206,8982,3539,22469
1516817401,101222,37990,119201,22096,118345,58993,69199,22334,49558,18929,40913,83251,21866,18527,15392,52103,40899,93051,53544,119339,48201,14205,83386,10536,12688,13633,39090,7896,11887,32541,15180,10718,208548,6147,31584,20922,4957,2975,54981,53908,102925,12601,10461,50270,173020,25236,3426,186397,51197,2969,21291,31348,14004,12493,16632,4056,7788,8897,4081,16104,6098,97399,56201,19846,69870,39054,11361,22623,63997,10380,28221,21411,8043,13060,1753,38419,22448,83582,89863,48076,12288,27294,159251,24922,97718,26240,11775,25575,3437,6297,158788,6543,17330,56721,11998,9702,16455,12766,11347,16021,15464,26785,130583,6823,181415,6409,101176,10322,105739,159688,177176,35401,17493,37137,55609,25137,13322,5963,54425,45588,40761,10752,66965,24910,1518,6438,46723,22735,26666,18756,6112,22445,58683,86373,31888,56026,10065,54589,67999,8223,66961,10988,15517,88673,37206,8982,3539,22469
1516817701,101222,37990,119201,22096,118345,58993,69199,22334,49558,18929,40913,83251,21866,18527,15392,52103,40899,93051,53544,119339,48201,14205,83386,10536,12688,13633,39090,7896,11887,32541,15180,10718,208548,6147,31584,20922,4957,2975,54981,53908,102925,12601,10461,50270,173020,25236,3426,186397,51197,2969,21291,31348,14004,12493,16632,4056,7788,8897,4081,16104,6098,97399,56201,19846,69870,39054,11361,22623,63997,10380,28221,21411,8043,13060,1753,38419,22448,83582,89863,48076,12288,27294,159251,24922,97718,26240,11775,25575,3437,6297,158788,6543,17330,56721,11998,9702,16455,12766,11347,16021,15464,26785,130583,6823,181415,6409,101176,10322,105739,159688,177176,35401,17493,37137,55609,25137,13322,5963,54425,45588,40761,10752,66965,24910,1518,6438,46723,22735,26666,18756,6112,22445,58683,86373,31888,56026,10065,54589,67999,8223,66961,10988,15517,88673,37206,8982,3539,22469
1516818001,101222,37990,119201,22096,118345,58993,69199,22334,49558,18929,40913,83251,21866,18527,15392,52103,40899,93051,53544,119339,48201,14205,83386,10536,12688,13633,39090,7896,11887,32541,15180,10718,208548,6147,31584,20922,4957,2975,54981,53908,102925,12601,10461,50270,173020,25236,3426,186397,51197,2969,21291,31348,14004,12493,16632,4056,7788,8897,4081,16104,6098,97399,56201,19846,69870,39054,11361,22623,63997,10380,28221,21411,8043,13060,1753,38419,22448,83582,89863,48076,12288,27294,159251,24922,97718,26240,11775,25575,3437,6297,158788,6543,17330,56721,11998,9702,16455,12766,11347,16021,15464,26785,130583,6823,181415,6409,101176,10322,105739,159688,177176,35401,17493,37137,55609,25137,13322,5963,54425,45588,40761,10752,66965,24910,1518,6438,46723,22735,26666,18756,6112,22445,58683,86373,31888,56026,10065,54589,67999,8223,66961,10988,15517,88673,37206,8982,3539,22469
1516818301,101222,37990,119201,22096,118345,58993,69199,22334,49558,18929,40913,83251,21866,18527,15392,52103,40899,93051,53544,119339,48201,14205,83386,10536,12688,13633,39090,7896,11887,32541,15180,10718,208548,6147,31584,20922,4957,2975,54981,53908,102925,12601,10461,50270,173020,25236,3426,186397,51197,2969,21291,31348,14004,12493,16632,4056,7788,8897,4081,16104,6098,97399,56201,19846,69870,39054,11361,22623,63997,10380,28221,21411,8043,13060,1753,38419,22448,83582,89863,48076,12288,27294,159251,24922,97718,26240,11775,25575,3437,6297,158788,6543,17330,56721,11998,9702,16455,12766,11347,16021,15464,26785,130583,6823,181415,6409,101176,10322,105739,159688,177176,35401,17493,37137,55609,25137,13322,5963,54425,45588,40761,10752,66965,24910,1518,6438,46723,22735,26666,18756,6112,22445,58683,86373,31888,56026,10065,54589,67999,8223,66961,10988,15517,88673,37206,8982,3539,22469
1516818601,101222,37990,119201,22096,118345,58993,69199,22334,49558,18929,40913,83251,21866,18527,15392,52103,40899,93051,53544,119339,48201,14205,83386,10536,12688,13633,39090,7896,11887,32541,15180,10718,208548,6147,31584,20922,4957,2975,54981,53908,102925,12601,10461,50270,173020,25236,3426,186397,51197,2969,21291,31348,14004,12493,16632,4056,7788,8897,4081,16104,6098,97399,56201,19846,69870,39054,11361,22623,63997,10380,28221,21411,8043,13060,1753,38419,22448,83582,89863,48076,12288,27294,159251,24922,97718,26240,11775,25575,3437,6297,158788,6543,17330,56721,11998,9702,16455,12766,11347,16021,15464,26785,130583,6823,181415,6409,101176,10322,105739,159688,177176,35401,17493,37137,55609,25137,13322,5963,54425,45588,40761,10752,66965,24910,1518,6438,46723,22735,26666,18756,6112,22445,58683,86373,31888,56026,10065,54589,67999,8223,66961,10988,15517,88673,37206,8982,3539,22469
1516818901,101222,37990,119201,22096,118345,58993,69199,22334,49558,18929,40913,83251,21866,18527,15392,52103,40899,93051,53544,119339,48201,14205,83386,10536,12688,13633,39090,7896,11887,32541,15180,10718,208548,6147,31584,20922,4957,2975,54981,53908,102925,12601,10461,50270,173020,25236,3426,186397,51197,2969,21291,31348,14004,12493,16632,4056,7788,8897,4081,16104,6098,97399,56201,19846,69870,39054,11361,22623,63997,10380,28221,21411,8043,13060,1753,38419,22448,83582,89863,48076,12288,27294,159251,24922,97718,26240,11775,25575,3437,6297,158788,6543,17330,56721,11998,9702,16455,12766,11347,16021,15464,26785,130583,6823,181415,6409,101176,10322,105739,159688,177176,35401,17493,37137,55609,25137,13322,5963,54425,45588,40761,10752,66965,24910,1518,6438,46723,22735,26666,18756,6112,22445,58683,86373,31888,56026,10065,54589,67999,8223,66961,10988,15517,88673,37206,8982,3539,22469
1516819201,101222,37990,119201,22096,118345,58993,69199,22334,49558,18929,40913,83251,21866,18527,15392,52103,40899,93051,53544,119339,48201,14205,83386,10536,12688,13633,39090,7896,11887,32541,15180,10718,208548,6147,31584,20922,4957,2975,54981,53908,102925,12601,10461,50270,173020,25236,3426,186397,51197,2969,21291,31348,14004,12493,16632,4056,7788,8897,4081,16104,6098,97399,56201,19846,69870,39054,11361,22623,63997,10380,28221,21411,8043,13060,1753,38419,22448,83582,89863,48076,12288,27294,159251,24922,97718,26240,11775,25575,3437,6297,158788,6543,17330,56721,11998,9702,16455,12766,11347,16021,15464,26785,130583,6823,181415,6409,101176,10322,105739,159688,177176,35401,17493,37137,55609,25137,13322,5963,54425,45588,40761,10752,66965,24910,1518,6438,46723,22735,26666,18756,6112,22445,58683,86373,31888,56026,10065,54589,67999,8223,66961,10988,15517,88673,37206,8982,3539,22469
1516819501,101222,37990,119201,22096,118345,58993,69199,22334,49558,18929,40913,83251,21866,18527,15392,52103,40899,93051,53544,119339,48201,14205,83386,10536,12688,13633,39090,7896,11887,32541,15180,10718,208548,6147,31584,20922,4957,2975,54981,53908,102925,12601,10461,50270,173020,25236,3426,186397,51197,2969,21291,31348,14004,12493,16632,4056,7788,8897,4081,16104,6098,97399,56201,19846,69870,39054,11361,22623,63997,10380,28221,21411,8043,13060,1753,38419,22448,83582,89863,48076,12288,27294,159251,24922,97718,26240,11775,25575,3437,6297,158788,6543,17330,56721,11998,9702,16455,12766,11347,16021,15464,26785,130583,6823,181415,6409,101176,10322,105739,159688,177176,35401,17493,37137,55609,25137,13322,5963,54425,45588,40761,10752,66965,24910,1518,6438,46723,22735,26666,18756,6112,22445,58683,86373,31888,56026,10065,54589,67999,8223,66961,10988,15517,88673,37206,8982,3539,22469
1516819801,101222,37990,119201,22096,118345,58993,69199,22334,49558,18929,40913,83251,21866,18527,15392,52103,40899,93051,53544,119339,48201,14205,83386,10536,12688,13633,39090,7896,11887,32541,15180,10718,208548,6147,31584,20922,4957,2975,54981,53908,102925,12601,10461,50270,173020,25236,3426,186397,51197,2969,21291,31348,14004,12493,16632,4056,7788,8897,4081,16104,6098,97399,56201,19846,69870,39054,11361,22623,63997,10380,28221,21411,8043,13060,1753,38419,22448,83582,89863,48076,12288,27294,159251,24922,97718,26240,11775,25575,3437,6297,158788,6543,17330,56721,11998,9702,16455,12766,11347,16021,15464,26785,130583,6823,181415,6409,101176,10322,105739,159688,177176,35401,17493,37137,55609,25137,13322,5963,54425,45588,40761,10752,66965,24910,1518,6438,46723,22735,26666,18756,6112,22445,58683,86373,31888,56026,10065,54589,67999,8223,66961,10988,15517,88673,37206,8982,3539,22469
1516820101,101222,37990,119201,22096,118345,58993,69199,22334,49558,18929,40913,83251,21866,18527,15392,52103,40899,93051,53544,119339,48201,14205,83386,10536,12688,13633,39090,7896,11887,32541,15180,10718,208548,6147,31584,20922,4957,2975,54981,53908,102925,12601,10461,50270,173020,25236,3426,186397,51197,2969,21291,31348,14004,12493,16632,4056,7788,8897,4081,16104,6098,97399,56201,19846,69870,39054,11361,22623,63997,10380,28221,21411,8043,13060,1753,38419,22448,83582,89863,48076,12288,27294,159251,24922,97718,26240,11775,25575,3437,6297,158788,6543,17330,56721,11998,9702,16455,12766,11347,16021,15464,26785,130583,6823,181415,6409,101176,10322,105739,159688,177176,35401,17493,37137,55609,25137,13322,5963,54425,45588,40761,10752,66965,24910,1518,6438,46723,22735,26666,18756,6112,22445,58683,86373,31888,56026,10065,54589,67999,8223,66961,10988,15517,88673,37206,8982,3539,22469
1516820401,101222,37990,119201,22096,118345,58993,69199,22334,49558,18929,40913,83251,21866,18527,15392,52103,40899,93051,53544,119339,48201,14205,83386,10536,12688,13633,39090,7896,11887,32541,15180,10718,208548,6147,31584,20922,4957,2975,54981,53908,102925,12601,10461,50270,173020,25236,3426,186397,51197,2969,21291,31348,14004,12493,16632,4056,7788,8897,4081,16104,6098,97399,56201,19846,69870,39054,11361,22623,63997,10380,28221,21411,8043,13060,1753,38419,22448,83582,89863,48076,12288,27294,159251,24922,97718,26240,11775,25575,3437,6297,158788,6543,17330,56721,11998,9702,16455,12766,11347,16021,15464,26785,130583,6823,181415,6409,101176,10322,105739,159688,177176,35401,17493,37137,55609,25137,13322,5963,54425,45588,40761,10752,66965,24910,1518,6438,46723,22735,26666,18756,6112,22445,58683,86373,31888,56026,10065,54589,67999,8223,66961,10988,15517,88673,37206,8982,3539,22469
1516820701,101222,37990,119201,22096,118345,58993,69199,22334,49558,18929,40913,83251,21866,18527,15392,52103,40899,93051,53544,119339,48201,14205,83386,10536,12688,13633,39090,7896,11887,32541,15180,10718,208548,6147,31584,20922,4957,2975,54981,53908,102925,12601,10461,50270,173020,25236,3426,186397,51197,2969,21291,31348,14004,12493,16632,4056,7788,8897,4081,16104,6098,97399,56201,19846,69870,39054,11361,22623,63997,10380,28221,21411,8043,13060,1753,38419,22448,83582,89863,48076,12288,27294,159251,24922,97718,26240,11775,25575,3437,6297,158788,6543,17330,56721,11998,9702,16455,12766,11347,16021,15464,26785,130583,6823,181415,6409,101176,10322,105739,159688,177176,35401,17493,37137,55609,25137,13322,5963,54425,45588,40761,10752,66965,24910,1518,6438,46723,22735,26666,18756,6112,22445,58683,86373,31888,56026,10065,54589,67999,8223,66961,10988,15517,88673,37206,8982,3539,22469
1516821001,101222,37990,119201,22096,118345,58993,69199,22334,49558,18929,40913,83251,21866,18527,15392,52103,40899,93051,53544,119339,48201,14205,83386,10536,12688,13633,39090,7896,11887,32541,15180,10718,208548,6147,31584,20922,4957,2975,54981,53908,102925,12601,10461,50270,173020,25236,3426,186397,51197,2969,21291,31348,14004,12493,16632,4056,7788,8897,4081,16104,6098,97399,56201,19846,69870,39054,11361,22623,63997,10380,28221,21411,8043,13060,1753,38419,22448,83582,89863,48076,12288,27294,159251,24922,97718,26240,11775,25575,3437,6297,158788,6543,17330,56721,11998,9702,16455,12766,11347,16021,15464,26785,130583,6823,181415,6409,101176,10322,105739,159688,177176,35401,17493,37137,55609,25137,13322,5963,54425,45588,40761,10752,66965,24910,1518,6438,46723,22735,26666,18756,6112,22445,58683,86373,31888,56026,10065,54589,67999,8223,66961,10988,15517,88673,37206,8982,3539,22469
1516821301,101222,37990,119201,22096,118345,58993,69199,22334,49558,18929,40913,83251,21866,18527,15392,52103,40899,93051,53544,119339,48201,14205,83386,10536,12688,13633,39090,7896,11887,32541,15180,10718,208548,6147,31584,20922,4957,2975,54981,53908,102925,12601,10461,50270,173020,25236,3426,186397,51197,2969,21291,31348,14004,12493,16632,4056,7788,8897,4081,16104,6098,97399,56201,19846,69870,39054,11361,22623,63997,10380,28221,21411,8043,13060,1753,38419,22448,83582,89863,48076,12288,27294,159251,24922,97718,26240,11775,25575,3437,6297,158788,6543,17330,56721,11998,9702,16455,12766,11347,16021,15464,26785,130583,6823,181415,6409,101176,10322,105739,159688,177176,35401,17493,37137,55609,25137,13322,5963,54425,45588,40761,10752,66965,24910,1518,6438,46723,22735,26666,18756,6112,22445,58683,86373,31888,56026,10065,54589,67999,8223,66961,10988,15517,88673,37206,8982,3539,22469
1516821601,101222,37990,119201,22096,118345,58993,69199,22334,49558,18929,40913,83251,21866,18527,15392,52103,40899,93051,53544,119339,48201,14205,83386,10536,12688,13633,39090,7896,11887,32541,15180,10718,208548,6147,31584,20922,4957,2975,54981,53908,102925,12601,10461,50270,173020,25236,3426,186397,51197,2969,21291,31348,14004,12493,16632,4056,7788,8897,4081,16104,6098,97399,56201,19846,69870,39054,11361,22623,63997,10380,28221,21411,8043,13060,1753,38419,22448,83582,89863,48076,12288,27294,159251,24922,97718,26240,11775,25575,3437,6297,158788,6543,17330,56721,11998,9702,16455,12766,11347,16021,15464,26785,130583,6823,181415,6409,101176,10322,105739,159688,177176,35401,17493,37137,55609,25137,13322,5963,54425,45588,40761,10752,66965,24910,1518,6438,46723,22735,26666,18756,6112,22445,58683,86373,31888,56026,10065,54589,67999,8223,66961,10988,15517,88673,37206,8982,3539,22469
1516821901,101222,37990,119201,22096,118345,58993,69199,22334,49558,18929,40913,83251,21866,18527,15392,52103,40899,93051,53544,119339,48201,14205,83386,10536,12688,13633,39090,7896,11887,32541,15180,10718,208548,6147,31584,20922,4957,2975,54981,53908,102925,12601,10461,50270,173020,25236,3426,186397,51197,2969,21291,31348,14004,12493,16632,4056,7788,8897,4081,16104,6098,97399,56201,19846,69870,39054,11361,22623,63997,10380,28221,21411,8043,13060,1753,38419,22448,83582,89863,48076,12288,27294,159251,24922,97718,26240,11775,25575,3437,6297,158788,6543,17330,56721,11998,9702,16455,12766,11347,16021,15464,26785,130583,6823,181415,6409,101176,10322,105739,159688,177176,35401,17493,37137,55609,25137,13322,5963,54425,45588,40761,10752,66965,24910,1518,6438,46723,22735,26666,18756,6112,22445,58683,86373,31888,56026,10065,54589,67999,8223,66961,10988,15517,88673,37206,8982,3539,22469
1516822201,101222,37990,119201,22096,118345,58993,69199,22334,49558,18929,40913,83251,21866,18527,15392,52103,40899,93051,53544,119339,48201,14205,83386,10536,12688,13633,39090,7896,11887,32541,15180,10718,208548,6147,31584,20922,4957,2975,54981,53908,102925,12601,10461,50270,173020,25236,3426,186397,51197,2969,21291,31348,14004,12493,16632,4056,7788,8897,4081,16104,6098,97399,56201,19846,69870,39054,11361,22623,63997,10380,28221,21411,8043,13060,1753,38419,22448,83582,89863,48076,12288,27294,159251,24922,97718,26240,11775,25575,3437,6297,158788,6543,17330,56721,11998,9702,16455,12766,11347,16021,15464,26785,130583,6823,181415,6409,101176,10322,105739,159688,177176,35401,17493,37137,55609,25137,13322,5963,54425,45588,40761,10752,66965,24910,1518,6438,46723,22735,26666,18756,6112,22445,58683,86373,31888,56026,10065,54589,67999,8223,66961,10988,15517,88673,37206,8982,3539,22469
1516822501,101222,37990,119201,22096,118345,58993,69199,22334,49558,18929,40913,83251,21866,18527,15392,52103,40899,93051,53544,119339,48201,14205,83386,10536,12688,13633,39090,7896,11887,32541,15180,10718,208548,6147,31584,20922,4957,2975,54981,53908,102925,12601,10461,50270,173020,25236,3426,186397,51197,2969,21291,31348,14004,12493,16632,4056,7788,8897,4081,16104,6098,97399,56201,19846,69870,39054,11361,22623,63997,10380,28221,21411,8043,13060,1753,38419,22448,83582,89863,48076,12288,27294,159251,24922,97718,26240,11775,25575,3437,6297,158788,6543,17330,56721,11998,9702,16455,12766,11347,16021,15464,26785,130583,6823,181415,6409,101176,10322,105739,159688,177176,35401,17493,37137,55609,25137,13322,5963,54425,45588,40761,10752,66965,24910,1518,6438,46723,22735,26666,18756,6112,22445,58683,86373,31888,56026,10065,54589,67999,8223,66961,10988,15517,88673,37206,8982,3539,22469
1516822801,101222,37990,119201,22096,118345,58993,69199,22334,49558,18929,40913,83251,21866,18527,15392,52103,40899,93051,53544,119339,48201,14205,83386,10536,12688,13633,39090,7896,11887,32541,15180,10718,208548,6147,31584,20922,4957,2975,54981,53908,102925,12601,10461,50270,173020,25236,3426,186397,51197,2969,21291,31348,14004,12493,16632,4056,7788,8897,4081,16104,6098,97399,56201,19846,69870,39054,11361,22623,63997,10380,28221,21411,8043,13060,1753,38419,22448,83582,89863,48076,12288,27294,159251,24922,97718,26240,11775,25575,3437,6297,158788,6543,17330,56721,11998,9702,16455,12766,11347,16021,15464,26785,130583,6823,181415,6409,101176,10322,105739,159688,177176,35401,17493,37137,55609,25137,13322,5963,54425,45588,40761,10752,66965,24910,1518,6438,46723,22735,26666,18756,6112,22445,58683,86373,31888,56026,10065,54589,67999,8223,66961,10988,15517,88673,37206,8982,3539,22469
1516823101,101222,37990,119201,22096,118345,58993,69199,22334,49558,18929,40913,83251,21866,18527,15392,52103,40899,93051,53544,119339,48201,14205,83386,10536,12688,13633,39090,7896,11887,32541,15180,10718,208548,6147,31584,20922,4957,2975,54981,53908,102925,12601,10461,50270,173020,25236,3426,186397,51197,2969,21291,31348,14004,12493,16632,4056,7788,8897,4081,16104,6098,97399,56201,19846,69870,39054,11361,22623,63997,10380,28221,21411,8043,13060,1753,38419,22448,83582,89863,48076,12288,27294,159251,24922,97718,26240,11775,25575,3437,6297,158788,6543,17330,56721,11998,9702,16455,12766,11347,16021,15464,26785,130583,6823,181415,6409,101176,10322,105739,159688,177176,35401,17493,37137,55609,25137,13322,5963,54425,45588,40761,10752,66965,24910,1518,6438,46723,22735,26666,18756,6112,22445,58683,86373,31888,56026,10065,54589,67999,8223,66961,10988,15517,88673,37206,8982,3539,22469
1516823401,101222,37990,119201,22096,118345,58993,69199,22334,49558,18929,40913,83251,21866,18527,15392,52103,40899,93051,53544,119339,48201,14205,83386,10536,12688,13633,39090,7896,11887,32541,15180,10718,208548,6147,31584,20922,4957,2975,54981,53908,102925,12601,10461,50270,173020,25236,3426,186397,51197,2969,21291,31348,14004,12493,16632,4056,7788,8897,4081,16104,6098,97399,56201,19846,69870,39054,11361,22623,63997,10380,28221,21411,8043,13060,1753,38419,22448,83582,89863,48076,12288,27294,159251,24922,97718,26240,11775,25575,3437,6297,158788,6543,17330,56721,11998,9702,16455,12766,11347,16021,15464,26785,130583,6823,181415,6409,101176,10322,105739,159688,177176,35401,17493,37137,55609,25137,13322,5963,54425,45588,40761,10752,66965,24910,1518,6438,46723,22735,26666,18756,6112,22445,58683,86373,31888,56026,10065,54589,67999,8223,66961,10988,15517,88673,37206,8982,3539,22469
1516823701,101222,37990,119201,22096,118345,58993,69199,22334,49558,18929,40913,83251,21866,18527,15392,52103,40899,93051,53544,119339,48201,14205,83386,10536,12688,13633,39090,7896,11887,32541,15180,10718,208548,6147,31584,20922,4957,2975,54981,53908,102925,12601,10461,50270,173020,25236,3426,186397,51197,2969,21291,31348,14004,12493,16632,4056,7788,8897,4081,16104,6098,97399,56201,19846,69870,39054,11361,22623,63997,10380,28221,21411,8043,13060,1753,38419,22448,83582,89863,48076,12288,27294,159251,24922,97718,26240,11775,25575,3437,6297,158788,6543,17330,56721,11998,9702,16455,12766,11347,16021,15464,26785,130583,6823,181415,6409,101176,10322,105739,159688,177176,35401,17493,37137,55609,25137,13322,5963,54425,45588,40761,10752,66965,24910,1518,6438,46723,22735,26666,18756,6112,22445,58683,86373,31888,56026,10065,54589,67999,8223,66961,10988,15517,88673,37206,8982,3539,22469
1516824001,101222,37990,119201,22096,118345,58993,69199,22334,49558,18929,40913,83251,21866,18527,15392,52103,40899,93051,53544,119339,48201,14205,83386,10536,12688,13633,39090,7896,11887,32541,15180,10718,208548,6147,31584,20922,4957,2975,54981,53908,102925,12601,10461,50270,173020,25236,3426,186397,51197,2969,21291,31348,14004,12493,16632,4056,7788,8897,4081,16104,6098,97399,56201,19846,69870,39054,11361,22623,63997,10380,28221,21411,8043,13060,1753,38419,22448,83582,89863,48076,12288,27294,159251,24922,97718,26240,11775,25575,3437,6297,158788,6543,17330,56721,11998,9702,16455,12766,11347,16021,15464,26785,130583,6823,181415,6409,101176,10322,105739,159688,177176,35401,17493,37137,55609,25137,13322,5963,54425,45588,40761,10752,66965,24910,1518,6438,46723,22735,26666,18756,6112,22445,58683,86373,31888,56026,10065,54589,67999,8223,66961,10988,15517,88673,37206,8982,3539,22469
1516824301,101222,37990,119201,22096,118345,58993,69199,22334,49558,18929,40913,83251,21866,18527,15392,52103,40899,93051,53544,119339,48201,14205,83386,10536,12688,13633,39090,7896,11887,32541,15180,10718,208548,6147,31584,20922,4957,2975,54981,53908,102925,12601,10461,50270,173020,25236,3426,186397,51197,2969,21291,31348,14004,12493,16632,4056,7788,8897,4081,16104,6098,97399,56201,19846,69870,39054,11361,22623,63997,10380,28221,21411,8043,13060,1753,38419,22448,83582,89863,48076,12288,27294,159251,24922,97718,26240,11775,25575,3437,6297,158788,6543,17330,56721,11998,9702,16455,12766,11347,16021,15464,26785,130583,6823,181415,6409,101176,10322,105739,159688,177176,35401,17493,37137,55609,25137,13322,5963,54425,45588,40761,10752,66965,24910,1518,6438,46723,22735,26666,18756,6112,22445,58683,86373,31888,56026,10065,54589,67999,8223,66961,10988,15517,88673,37206,8982,3539,22469
1516824601,101222,37990,119201,22096,118345,58993,69199,22334,49558,18929,40913,83251,21866,18527,15392,52103,40899,93051,53544,119339,48201,14205,83386,10536,12688,13633,39090,7896,11887,32541,15180,10718,208548,6147,31584,20922,4957,2975,54981,53908,102925,12601,10461,50270,173020,25236,3426,186397,51197,2969,21291,31348,14004,12493,16632,4056,7788,8897,4081,16104,6098,97399,56201,19846,69870,39054,11361,22623,63997,10380,28221,21411,8043,13060,1753,38419,22448,83582,89863,48076,12288,27294,159251,24922,97718,26240,11775,25575,3437,6297,158788,6543,17330,56721,11998,9702,16455,12766,11347,16021,15464,26785,130583,6823,181415,6409,101176,10322,105739,159688,177176,35401,17493,37137,55609,25137,13322,5963,54425,45588,40761,10752,66965,24910,1518,6438,46723,22735,26666,18756,6112,22445,58683,86373,31888,56026,10065,54589,67999,8223,66961,10988,15517,88673,37206,8982,3539,22469
1516824901,101222,37990,119201,22096,118345,58993,69199,22334,49558,18929,40913,83251,21866,18527,15392,52103,40899,93051,53544,119339,48201,14205,83386,10536,12688,13633,39090,7896,11887,32541,15180,10718,208548,6147,31584,20922,4957,2975,54981,53908,102925,12601,10461,50270,173020,25236,3426,186397,51197,2969,21291,31348,14004,12493,16632,4056,7788,8897,4081,16104,6098,97399,56201,19846,69870,39054,11361,22623,63997,10380,28221,21411,8043,13060,1753,38419,22448,83582,89863,48076,12288,27294,159251,24922,97718,26240,11775,25575,3437,6297,158788,6543,17330,56721,11998,9702,16455,12766,11347,16021,15464,26785,130583,6823,181415,6409,101176,10322,105739,159688,177176,35401,17493,37137,55609,25137,13322,5963,54425,45588,40761,10752,66965,24910,1518,6438,46723,22735,26666,18756,6112,22445,58683,86373,31888,56026,10065,54589,67999,8223,66961,10988,15517,88673,37206,8982,3539,22469
1516825201,101222,37990,119201,22096,118345,58993,69199,22334,49558,18929,40913,83251,21866,18527,15392,52103,40899,93051,53544,119339,48201,14205,83386,10536,12688,13633,39090,7896,11887,32541,15180,10718,208548,6147,31584,20922,4957,2975,54981,53908,102925,12601,10461,50270,173020,25236,3426,186397,51197,2969,21291,31348,14004,12493,16632,4056,7788,8897,4081,16104,6098,97399,56201,19846,69870,39054,11361,22623,63997,10380,28221,21411,8043,13060,1753,38419,22448,83582,89863,48076,12288,27294,159251,24922,97718,26240,11775,25575,3437,6297,158788,6543,17330,56721,11998,9702,16455,12766,11347,16021,15464,26785,130583,6823,181415,6409,101176,10322,105739,159688,177176,35401,17493,37137,55609,25137,13322,5963,54425,45588,40761,10752,66965,24910,1518,6438,46723,22735,26666,18756,6112,22445,58683,86373,31888,56026,10065,54589,67999,8223,66961,10988,15517,88673,37206,8982,3539,22469
1516825501,101222,37990,119201,22096,118345,58993,69199,22334,49558,18929,40913,83251,21866,18527,15392,52103,40899,93051,53544,119339,48201,14205,83386,10536,12688,13633,39090,7896,11887,32541,15180,10718,208548,6147,31584,20922,4957,2975,54981,53908,102925,12601,10461,50270,173020,25236,3426,186397,51197,2969,21291,31348,14004,12493,16632,4056,7788,8897,4081,16104,6098,97399,56201,19846,69870,39054,11361,22623,63997,10380,28221,21411,8043,13060,1753,38419,22448,83582,89863,48076,12288,27294,159251,24922,97718,26240,11775,25575,3437,6297,158788,6543,17330,56721,11998,9702,16455,12766,11347,16021,15464,26785,130583,6823,181415,6409,101176,10322,105739,159688,177176,35401,17493,37137,55609,25137,13322,5963,54425,45588,40761,10752,66965,24910,1518,6438,46723,22735,26666,18756,6112,22445,58683,86373,31888,56026,10065,54589,67999,8223,66961,10988,15517,88673,37206,8982,3539,22469
1516825801,101222,37990,119201,22096,118345,58993,69199,22334,49558,18929,40913,83251,21866,18527,15392,52103,40899,93051,53544,119339,48201,14205,83386,10536,12688,13633,39090,7896,11887,32541,15180,10718,208548,6147,31584,20922,4957,2975,54981,53908,102925,12601,10461,50270,173020,25236,3426,186397,51197,2969,21291,31348,14004,12493,16632,4056,7788,8897,4081,16104,6098,97399,56201,19846,69870,39054,11361,22623,63997,10380,28221,21411,8043,13060,1753,38419,22448,83582,89863,48076,12288,27294,159251,24922,97718,26240,11775,25575,3437,6297,158788,6543,17330,56721,11998,9702,16455,12766,11347,16021,15464,26785,130583,6823,181415,6409,101176,10322,105739,159688,177176,35401,17493,37137,55609,25137,13322,5963,54425,45588,40761,10752,66965,24910,1518,6438,46723,22735,26666,18756,6112,22445,58683,86373,31888,56026,10065,54589,67999,8223,66961,10988,15517,88673,37206,8982,3539,22469
1516826101,101222,37990,119201,22096,118345,58993,69199,22334,49558,18929,40913,83251,21866,18527,15392,52103,40899,93051,53544,119339,48201,14205,83386,10536,12688,13633,39090,7896,11887,32541,15180,10718,208548,6147,31584,20922,4957,2975,54981,53908,102925,12601,10461,50270,173020,25236,3426,186397,51197,2969,21291,31348,14004,12493,16632,4056,7788,8897,4081,16104,6098,97399,56201,19846,69870,39054,11361,22623,63997,10380,28221,21411,8043,13060,1753,38419,22448,83582,89863,48076,12288,27294,159251,24922,97718,26240,11775,25575,3437,6297,158788,6543,17330,56721,11998,9702,16455,12766,11347,16021,15464,26785,130583,6823,181415,6409,101176,10322,105739,159688,177176,35401,17493,37137,55609,25137,13322,5963,54425,45588,40761,10752,66965,24910,1518,6438,46723,22735,26666,18756,6112,22445,58683,86373,31888,56026,10065,54589,67999,8223,66961,10988,15517,88673,37206,8982,3539,22469
1516826401,101222,37990,119201,22096,118345,58993,69199,22334,49558,18929,40913,83251,21866,18527,15392,52103,40899,93051,53544,119339,48201,14205,83386,10536,12688,13633,39090,7896,11887,32541,15180,10718,208548,6147,31584,20922,4957,2975,54981,53908,102925,12601,10461,50270,173020,25236,3426,186397,51197,2969,21291,31348,14004,12493,16632,4056,7788,8897,4081,16104,6098,97399,56201,19846,69870,39054,11361,22623,63997,10380,28221,21411,8043,13060,1753,38419,22448,83582,89863,48076,12288,27294,159251,24922,97718,26240,11775,25575,3437,6297,158788,6543,17330,56721,11998,9702,16455,12766,11347,16021,15464,26785,130583,6823,181415,6409,101176,10322,105739,159688,177176,35401,17493,37137,55609,25137,13322,5963,54425,45588,40761,10752,66965,24910,1518,6438,46723,22735,26666,18756,6112,22445,58683,86373,31888,56026,10065,54589,67999,8223,66961,10988,15517,88673,37206,8982,3539,22469
1516826701,101222,37990,119201,22096,118345,58993,69199,22334,49558,18929,40913,83251,21866,18527,15392,52103,40899,93051,53544,119339,48201,14205,83386,10536,12688,13633,39090,7896,11887,32541,15180,10718,208548,6147,31584,20922,4957,2975,54981,53908,102925,12601,10461,50270,173020,25236,3426,186397,51197,2969,21291,31348,14004,12493,16632,4056,7788,8897,4081,16104,6098,97399,56201,19846,69870,39054,11361,22623,63997,10380,28221,21411,8043,13060,1753,38419,22448,83582,89863,48076,12288,27294,159251,24922,97718,26240,11775,25575,3437,6297,158788,6543,17330,56721,11998,9702,16455,12766,11347,16021,15464,26785,130583,6823,181415,6409,101176,10322,105739,159688,177176,35401,17493,37137,55609,25137,13322,5963,54425,45588,40761,10752,66965,24910,1518,6438,46723,22735,26666,18756,6112,22445,58683,86373,31888,56026,10065,54589,67999,8223,66961,10988,15517,88673,37206,8982,3539,22469
1516827001,101222,37990,119201,22096,118345,58993,69199,22334,49558,18929,40913,83251,21866,18527,15392,52103,40899,93051,53544,119339,48201,14205,83386,10536,12688,13633,39090,7896,11887,32541,15180,10718,208548,6147,31584,20922,4957,2975,54981,53908,102925,12601,10461,50270,173020,25236,3426,186397,51197,2969,21291,31348,14004,12493,16632,4056,7788,8897,4081,16104,6098,97399,56201,19846,69870,39054,11361,22623,63997,10380,28221,21411,8043,13060,1753,38419,22448,83582,89863,48076,12288,27294,159251,24922,97718,26240,11775,25575,3437,6297,158788,6543,17330,56721,11998,9702,16455,12766,11347,16021,15464,26785,130583,6823,181415,6409,101176,10322,105739,159688,177176,35401,17493,37137,55609,25137,13322,5963,54425,45588,40761,10752,66965,24910,1518,6438,46723,22735,26666,18756,6112,22445,58683,86373,31888,56026,10065,54589,67999,8223,66961,10988,15517,88673,37206,8982,3539,22469
1516827301,101222,37990,119201,22096,118345,58993,69199,22334,49558,18929,40913,83251,21866,18527,15392,52103,40899,93051,53544,119339,48201,14205,83386,10536,12688,13633,39090,7896,11887,32541,15180,10718,208548,6147,31584,20922,4957,2975,54981,53908,102925,12601,10461,50270,173020,25236,3426,186397,51197,2969,21291,31348,14004,12493,16632,4056,7788,8897,4081,16104,6098,97399,56201,19846,69870,39054,11361,22623,63997,10380,28221,21411,8043,13060,1753,38419,22448,83582,89863,48076,12288,27294,159251,24922,97718,26240,11775,25575,3437,6297,158788,6543,17330,56721,11998,9702,16455,12766,11347,16021,15464,26785,130583,6823,181415,6409,101176,10322,105739,159688,177176,35401,17493,37137,55609,25137,13322,5963,54425,45588,40761,10752,66965,24910,1518,6438,46723,22735,26666,18756,6112,22445,58683,86373,31888,56026,10065,54589,67999,8223,66961,10988,15517,88673,37206,8982,3539,22469
1516827601,101222,37990,119201,22096,118345,58993,69199,22334,49558,18929,40913,83251,21866,18527,15392,52103,40899,93051,53544,119339,48201,14205,83386,10536,12688,13633,39090,7896,11887,32541,15180,10718,208548,6147,31584,20922,4957,2975,54981,53908,102925,12601,10461,50270,173020,25236,3426,186397,51197,2969,21291,31348,14004,12493,16632,4056,7788,8897,4081,16104,6098,97399,56201,19846,69870,39054,11361,22623,63997,10380,28221,21411,8043,13060,1753,38419,22448,83582,89863,48076,12288,27294,159251,24922,97718,26240,11775,25575,3437,6297,158788,6543,17330,56721,11998,9702,16455,12766,11347,16021,15464,26785,130583,6823,181415,6409,101176,10322,105739,159688,177176,35401,17493,37137,55609,25137,13322,5963,54425,45588,40761,10752,66965,24910,1518,6438,46723,22735,26666,18756,6112,22445,58683,86373,31888,56026,10065,54589,67999,8223,66961,10988,15517,88673,37206,8982,3539,22469
1516827901,101222,37990,119201,22096,118345,58993,69199,22334,49558,18929,40913,83251,21866,18527,15392,52103,40899,93051,53544,119339,48201,14205,83386,10536,12688,13633,39090,7896,11887,32541,15180,10718,208548,6147,31584,20922,4957,2975,54981,53908,102925,12601,10461,50270,173020,25236,3426,186397,51197,2969,21291,31348,14004,12493,16632,4056,7788,8897,4081,16104,6098,97399,56201,19846,69870,39054,11361,22623,63997,10380,28221,21411,8043,13060,1753,38419,22448,83582,89863,48076,12288,27294,159251,24922,97718,26240,11775,25575,3437,6297,158788,6543,17330,56721,11998,9702,16455,12766,11347,16021,15464,26785,130583,6823,181415,6409,101176,10322,105739,159688,177176,35401,17493,37137,55609,25137,13322,5963,54425,45588,40761,10752,66965,24910,1518,6438,46723,22735,26666,18756,6112,22445,58683,86373,31888,56026,10065,54589,67999,8223,66961,10988,15517,88673,37206,8982,3539,22469
1516828201,101222,37990,119201,22096,118345,58993,69199,22334,49558,18929,40913,83251,21866,18527,15392,52103,40899,93051,53544,119339,48201,14205,83386,10536,12688,13633,39090,7896,11887,32541,15180,10718,208548,6147,31584,20922,4957,2975,54981,53908,102925,12601,10461,50270,173020,25236,3426,186397,51197,2969,21291,31348,14004,12493,16632,4056,7788,8897,4081,16104,6098,97399,56201,19846,69870,39054,11361,22623,63997,10380,28221,21411,8043,13060,1753,38419,22448,83582,89863,48076,12288,27294,159251,24922,97718,26240,11775,25575,3437,6297,158788,6543,17330,56721,11998,9702,16455,12766,11347,16021,15464,26785,130583,6823,181415,6409,101176,10322,105739,159688,177176,35401,17493,37137,55609,25137,13322,5963,54425,45588,40761,10752,66965,24910,1518,6438,46723,22735,26666,18756,6112,22445,58683,86373,31888,56026,10065,54589,67999,8223,66961,10988,15517,88673,37206,8982,3539,22469
1516828501,101222,37990,119201,22096,118345,58993,69199,22334,49558,18929,40913,83251,21866,18527,15392,52103,40899,93051,53544,119339,48201,14205,83386,10536,12688,13633,39090,7896,11887,32541,15180,10718,208548,6147,31584,20922,4957,2975,54981,53908,102925,12601,10461,50270,173020,25236,3426,186397,51197,2969,21291,31348,14004,12493,16632,4056,7788,8897,4081,16104,6098,97399,56201,19846,69870,39054,11361,22623,63997,10380,28221,21411,8043,13060,1753,38419,22448,83582,89863,48076,12288,27294,159251,24922,97718,26240,11775,25575,3437,6297,158788,6543,17330,56721,11998,9702,16455,12766,11347,16021,15464,26785,130583,6823,181415,6409,101176,10322,105739,159688,177176,35401,17493,37137,55609,25137,13322,5963,54425,45588,40761,10752,66965,24910,1518,6438,46723,22735,26666,18756,6112,22445,58683,86373,31888,56026,10065,54589,67999,8223,66961,10988,15517,88673,37206,8982,3539,22469
1516828801,101222,37990,119201,22096,118345,58993,69199,22334,49558,18929,40913,83251,21866,18527,15392,52103,40899,93051,53544,119339,48201,14205,83386,10536,12688,13633,39090,7896,11887,32541,15180,10718,208548,6147,31584,20922,4957,2975,54981,53908,102925,12601,10461,50270,173020,25236,3426,186397,51197,2969,21291,31348,14004,12493,16632,4056,7788,8897,4081,16104,6098,97399,56201,19846,69870,39054,11361,22623,63997,10380,28221,21411,8043,13060,1753,38419,22448,83582,89863,48076,12288,27294,159251,24922,97718,26240,11775,25575,3437,6297,158788,6543,17330,56721,11998,9702,16455,12766,11347,16021,15464,26785,130583,6823,181415,6409,101176,10322,105739,159688,177176,35401,17493,37137,55609,25137,13322,5963,54425,45588,40761,10752,66965,24910,1518,6438,46723,22735,26666,18756,6112,22445,58683,86373,31888,56026,10065,54589,67999,8223,66961,10988,15517,88673,37206,8982,3539,22469
1516829101,101222,37990,119201,22096,118345,58993,69199,22334,49558,18929,40913,83251,21866,18527,15392,52103,40899,93051,53544,119339,48201,14205,83386,10536,12688,13633,39090,7896,11887,32541,15180,10718,208548,6147,31584,20922,4957,2975,54981,53908,102925,12601,10461,50270,173020,25236,3426,186397,51197,2969,21291,31348,14004,12493,16632,4056,7788,8897,4081,16104,6098,97399,56201,19846,69870,39054,11361,22623,63997,10380,28221,21411,8043,13060,1753,38419,22448,83582,89863,48076,12288,27294,159251,24922,97718,26240,11775,25575,3437,6297,158788,6543,17330,56721,11998,9702,16455,12766,11347,16021,15464,26785,130583,6823,181415,6409,101176,10322,105739,159688,177176,35401,17493,37137,55609,25137,13322,5963,54425,45588,40761,10752,66965,24910,1518,6438,46723,22735,26666,18756,6112,22445,58683,86373,31888,56026,10065,54589,67999,8223,66961,10988,15517,88673,37206,8982,3539,22469
1516829401,101222,37990,119201,22096,118345,58993,69199,22334,49558,18929,40913,83251,21866,18527,15392,52103,40899,93051,53544,119339,48201,14205,83386,10536,12688,13633,39090,7896,11887,32541,15180,10718,208548,6147,31584,20922,4957,2975,54981,53908,102925,12601,10461,50270,173020,25236,3426,186397,51197,2969,21291,31348,14004,12493,16632,4056,7788,8897,4081,16104,6098,97399,56201,19846,69870,39054,11361,22623,63997,10380,28221,21411,8043,13060,1753,38419,22448,83582,89863,48076,12288,27294,159251,24922,97718,26240,11775,25575,3437,6297,158788,6543,17330,56721,11998,9702,16455,12766,11347,16021,15464,26785,130583,6823,181415,6409,101176,10322,105739,159688,177176,35401,17493,37137,55609,25137,13322,5963,54425,45588,40761,10752,66965,24910,1518,6438,46723,22735,26666,18756,6112,22445,58683,86373,31888,56026,10065,54589,67999,8223,66961,10988,15517,88673,37206,8982,3539,22469
1516829701,101222,37990,119201,22096,118345,58993,69199,22334,49558,18929,40913,83251,21866,18527,15392,52103,40899,93051,53544,119339,48201,14205,83386,10536,12688,13633,39090,7896,11887,32541,15180,10718,208548,6147,31584,20922,4957,2975,54981,53908,102925,12601,10461,50270,173020,25236,3426,186397,51197,2969,21291,31348,14004,12493,16632,4056,7788,8897,4081,16104,6098,97399,56201,19846,69870,39054,11361,22623,63997,10380,28221,21411,8043,13060,1753,38419,22448,83582,89863,48076,12288,27294,159251,24922,97718,26240,11775,25575,3437,6297,158788,6543,17330,56721,11998,9702,16455,12766,11347,16021,15464,26785,130583,6823,181415,6409,101176,10322,105739,159688,177176,35401,17493,37137,55609,25137,13322,5963,54425,45588,40761,10752,66965,24910,1518,6438,46723,22735,26666,18756,6112,22445,58683,86373,31888,56026,10065,54589,67999,8223,66961,10988,15517,88673,37206,8982,3539,22469
1516830001,101222,37990,119201,22096,118345,58993,69199,22334,49558,18929,40913,83251,21866,18527,15392,52103,40899,93051,53544,119339,48201,14205,83386,10536,12688,13633,39090,7896,11887,32541,15180,10718,208548,6147,31584,20922,4957,2975,54981,53908,102925,12601,10461,50270,173020,25236,3426,186397,51197,2969,21291,31348,14004,12493,16632,4056,7788,8897,4081,16104,6098,97399,56201,19846,69870,39054,11361,22623,63997,10380,28221,21411,8043,13060,1753,38419,22448,83582,89863,48076,12288,27294,159251,24922,97718,26240,11775,25575,3437,6297,158788,6543,17330,56721,11998,9702,16455,12766,11347,16021,15464,26785,130583,6823,181415,6409,101176,10322,105739,159688,177176,35401,17493,37137,55609,25137,13322,5963,54425,45588,40761,10752,66965,24910,1518,6438,46723,22735,26666,18756,6112,22445,58683,86373,31888,56026,10065,54589,67999,8223,66961,10988,15517,88673,37206,8982,3539,22469
1516830301,101222,37990,119201,22096,118345,58993,69199,22334,49558,18929,40913,83251,21866,18527,15392,52103,40899,93051,53544,119339,48201,14205,83386,10536,12688,13633,39090,7896,11887,32541,15180,10718,208548,6147,31584,20922,4957,2975,54981,53908,102925,12601,10461,50270,173020,25236,3426,186397,51197,2969,21291,31348,14004,12493,16632,4056,7788,8897,4081,16104,6098,97399,56201,19846,69870,39054,11361,22623,63997,10380,28221,21411,8043,13060,1753,38419,22448,83582,89863,48076,12288,27294,159251,24922,97718,26240,11775,25575,3437,6297,158788,6543,17330,56721,11998,9702,16455,12766,11347,16021,15464,26785,130583,6823,181415,6409,101176,10322,105739,159688,177176,35401,17493,37137,55609,25137,13322,5963,54425,45588,40761,10752,66965,24910,1518,6438,46723,22735,26666,18756,6112,22445,58683,86373,31888,56026,10065,54589,67999,8223,66961,10988,15517,88673,37206,8982,3539,22469
1516830601,101222,37990,119201,22096,118345,58993,69199,22334,49558,18929,40913,83251,21866,18527,15392,52103,40899,93051,53544,119339,48201,14205,83386,10536,12688,13633,39090,7896,11887,32541,15180,10718,208548,6147,31584,20922,4957,2975,54981,53908,102925,12601,10461,50270,173020,25236,3426,186397,51197,2969,21291,31348,14004,12493,16632,4056,7788,8897,4081,16104,6098,97399,56201,19846,69870,39054,11361,22623,63997,10380,28221,21411,8043,13060,1753,38419,22448,83582,89863,48076,12288,27294,159251,24922,97718,26240,11775,25575,3437,6297,158788,6543,17330,56721,11998,9702,16455,12766,11347,16021,15464,26785,130583,6823,181415,6409,101176,10322,105739,159688,177176,35401,17493,37137,55609,25137,13322,5963,54425,45588,40761,10752,66965,24910,1518,6438,46723,22735,26666,18756,6112,22445,58683,86373,31888,56026,10065,54589,67999,8223,66961,10988,15517,88673,37206,8982,3539,22469
1516830901,101222,37990,119201,22096,118345,58993,69199,22334,49558,18929,40913,83251,21866,18527,15392,52103,40899,93051,53544,119339,48201,14205,83386,10536,12688,13633,39090,7896,11887,32541,15180,10718,208548,6147,31584,20922,4957,2975,54981,53908,102925,12601,10461,50270,173020,25236,3426,186397,51197,2969,21291,31348,14004,12493,16632,4056,7788,8897,4081,16104,6098,97399,56201,19846,69870,39054,11361,22623,63997,10380,28221,21411,8043,13060,1753,38419,22448,83582,89863,48076,12288,27294,159251,24922,97718,26240,11775,25575,3437,6297,158788,6543,17330,56721,11998,9702,16455,12766,11347,16021,15464,26785,130583,6823,181415,6409,101176,10322,105739,159688,177176,35401,17493,37137,55609,25137,13322,5963,54425,45588,40761,10752,66965,24910,1518,6438,46723,22735,26666,18756,6112,22445,58683,86373,31888,56026,10065,54589,67999,8223,66961,10988,15517,88673,37206,8982,3539,22469
1516831201,101222,37990,119201,22096,118345,58993,69199,22334,49558,18929,40913,83251,21866,18527,15392,52103,40899,93051,53544,119339,48201,14205,83386,10536,12688,13633,39090,7896,11887,32541,15180,10718,208548,6147,31584,20922,4957,2975,54981,53908,102925,12601,10461,50270,173020,25236,3426,186397,51197,2969,21291,31348,14004,12493,16632,4056,7788,8897,4081,16104,6098,97399,56201,19846,69870,39054,11361,22623,63997,10380,28221,21411,8043,13060,1753,38419,22448,83582,89863,48076,12288,27294,159251,24922,97718,26240,11775,25575,3437,6297,158788,6543,17330,56721,11998,9702,16455,12766,11347,16021,15464,26785,130583,6823,181415,6409,101176,10322,105739,159688,177176,35401,17493,37137,55609,25137,13322,5963,54425,45588,40761,10752,66965,24910,1518,6438,46723,22735,26666,18756,6112,22445,58683,86373,31888,56026,10065,54589,67999,8223,66961,10988,15517,88673,37206,8982,3539,22469
1516831501,101222,37990,119201,22096,118345,58993,69199,22334,49558,18929,40913,83251,21866,18527,15392,52103,40899,93051,53544,119339,48201,14205,83386,10536,12688,13633,39090,7896,11887,32541,15180,10718,208548,6147,31584,20922,4957,2975,54981,53908,102925,12601,10461,50270,173020,25236,3426,186397,51197,2969,21291,31348,14004,12493,16632,4056,7788,8897,4081,16104,6098,97399,56201,19846,69870,39054,11361,22623,63997,10380,28221,21411,8043,13060,1753,38419,22448,83582,89863,48076,12288,27294,159251,24922,97718,26240,11775,25575,3437,6297,158788,6543,17330,56721,11998,9702,16455,12766,11347,16021,15464,26785,130583,6823,181415,6409,101176,10322,105739,159688,177176,35401,17493,37137,55609,25137,13322,5963,54425,45588,40761,10752,66965,24910,1518,6438,46723,22735,26666,18756,6112,22445,58683,86373,31888,56026,10065,54589,67999,8223,66961,10988,15517,88673,37206,8982,3539,22469
1516831801,101222,37990,119201,22096,118345,58993,69199,22334,49558,18929,40913,83251,21866,18527,15392,52103,40899,93051,53544,119339,48201,14205,83386,10536,12688,13633,39090,7896,11887,32541,15180,10718,208548,6147,31584,20922,4957,2975,54981,53908,102925,12601,10461,50270,173020,25236,3426,186397,51197,2969,21291,31348,14004,12493,16632,4056,7788,8897,4081,16104,6098,97399,56201,19846,69870,39054,11361,22623,63997,10380,28221,21411,8043,13060,1753,38419,22448,83582,89863,48076,12288,27294,159251,24922,97718,26240,11775,25575,3437,6297,158788,6543,17330,56721,11998,9702,16455,12766,11347,16021,15464,26785,130583,6823,181415,6409,101176,10322,105739,159688,177176,35401,17493,37137,55609,25137,13322,5963,54425,45588,40761,10752,66965,24910,1518,6438,46723,22735,26666,18756,6112,22445,58683,86373,31888,56026,10065,54589,67999,8223,66961,10988,15517,88673,37206,8982,3539,22469
1516832101,101222,37990,119201,22096,118345,58993,69199,22334,49558,18929,40913,83251,21866,18527,15392,52103,40899,93051,53544,119339,48201,14205,83386,10536,12688,13633,39090,7896,11887,32541,15180,10718,208548,6147,31584,20922,4957,2975,54981,53908,102925,12601,10461,50270,173020,25236,3426,186397,51197,2969,21291,31348,14004,12493,16632,4056,7788,8897,4081,16104,6098,97399,56201,19846,69870,39054,11361,22623,63997,10380,28221,21411,8043,13060,1753,38419,22448,83582,89863,48076,12288,27294,159251,24922,97718,26240,11775,25575,3437,6297,158788,6543,17330,56721,11998,9702,16455,12766,11347,16021,15464,26785,130583,6823,181415,6409,101176,10322,105739,159688,177176,35401,17493,37137,55609,25137,13322,5963,54425,45588,40761,10752,66965,24910,1518,6438,46723,22735,26666,18756,6112,22445,58683,86373,31888,56026,10065,54589,67999,8223,66961,10988,15517,88673,37206,8982,3539,22469
1516832401,101222,37990,119201,22096,118345,58993,69199,22334,49558,18929,40913,83251,21866,18527,15392,52103,40899,93051,53544,119339,48201,14205,83386,10536,12688,13633,39090,7896,11887,32541,15180,10718,208548,6147,31584,20922,4957,2975,54981,53908,102925,12601,10461,50270,173020,25236,3426,186397,51197,2969,21291,31348,14004,12493,16632,4056,7788,8897,4081,16104,6098,97399,56201,19846,69870,39054,11361,22623,63997,10380,28221,21411,8043,13060,1753,38419,22448,83582,89863,48076,12288,27294,159251,24922,97718,26240,11775,25575,3437,6297,158788,6543,17330,56721,11998,9702,16455,12766,11347,16021,15464,26785,130583,6823,181415,6409,101176,10322,105739,159688,177176,35401,17493,37137,55609,25137,13322,5963,54425,45588,40761,10752,66965,24910,1518,6438,46723,22735,26666,18756,6112,22445,58683,86373,31888,56026,10065,54589,67999,8223,66961,10988,15517,88673,37206,8982,3539,22469
1516832701,101222,37990,119201,22096,118345,58993,69199,22334,49558,18929,40913,83251,21866,18527,15392,52103,40899,93051,53544,119339,48201,14205,83386,10536,12688,13633,39090,7896,11887,32541,15180,10718,208548,6147,31584,20922,4957,2975,54981,53908,102925,12601,10461,50270,173020,25236,3426,186397,51197,2969,21291,31348,14004,12493,16632,4056,7788,8897,4081,16104,6098,97399,56201,19846,69870,39054,11361,22623,63997,10380,28221,21411,8043,13060,1753,38419,22448,83582,89863,48076,12288,27294,159251,24922,97718,26240,11775,25575,3437,6297,158788,6543,17330,56721,11998,9702,16455,12766,11347,16021,15464,26785,130583,6823,181415,6409,101176,10322,105739,159688,177176,35401,17493,37137,55609,25137,13322,5963,54425,45588,40761,10752,66965,24910,1518,6438,46723,22735,26666,18756,6112,22445,58683,86373,31888,56026,10065,54589,67999,8223,66961,10988,15517,88673,37206,8982,3539,22469
1516833001,101222,37990,119201,22096,118345,58993,69199,22334,49558,18929,40913,83251,21866,18527,15392,52103,40899,93051,53544,119339,48201,14205,83386,10536,12688,13633,39090,7896,11887,32541,15180,10718,208548,6147,31584,20922,4957,2975,54981,53908,102925,12601,10461,50270,173020,25236,3426,186397,51197,2969,21291,31348,14004,12493,16632,4056,7788,8897,4081,16104,6098,97399,56201,19846,69870,39054,11361,22623,63997,10380,28221,21411,8043,13060,1753,38419,22448,83582,89863,48076,12288,27294,159251,24922,97718,26240,11775,25575,3437,6297,158788,6543,17330,56721,11998,9702,16455,12766,11347,16021,15464,26785,130583,6823,181415,6409,101176,10322,105739,159688,177176,35401,17493,37137,55609,25137,13322,5963,54425,45588,40761,10752,66965,24910,1518,6438,46723,22735,26666,18756,6112,22445,58683,86373,31888,56026,10065,54589,67999,8223,66961,10988,15517,88673,37206,8982,3539,22469
1516833301,101222,37990,119201,22096,118345,58993,69199,22334,49558,18929,40913,83251,21866,18527,15392,52103,40899,93051,53544,119339,48201,14205,83386,10536,12688,13633,39090,7896,11887,32541,15180,10718,208548,6147,31584,20922,4957,2975,54981,53908,102925,12601,10461,50270,173020,25236,3426,186397,51197,2969,21291,31348,14004,12493,16632,4056,7788,8897,4081,16104,6098,97399,56201,19846,69870,39054,11361,22623,63997,10380,28221,21411,8043,13060,1753,38419,22448,83582,89863,48076,12288,27294,159251,24922,97718,26240,11775,25575,3437,6297,158788,6543,17330,56721,11998,9702,16455,12766,11347,16021,15464,26785,130583,6823,181415,6409,101176,10322,105739,159688,177176,35401,17493,37137,55609,25137,13322,5963,54425,45588,40761,10752,66965,24910,1518,6438,46723,22735,26666,18756,6112,22445,58683,86373,31888,56026,10065,54589,67999,8223,66961,10988,15517,88673,37206,8982,3539,22469
1516833601,101222,37990,119201,22096,118345,58993,69199,22334,49558,18929,40913,83251,21866,18527,15392,52103,40899,93051,53544,119339,48201,14205,83386,10536,12688,13633,39090,7896,11887,32541,15180,10718,208548,6147,31584,20922,4957,2975,54981,53908,102925,12601,10461,50270,173020,25236,3426,186397,51197,2969,21291,31348,14004,12493,16632,4056,7788,8897,4081,16104,6098,97399,56201,19846,69870,39054,11361,22623,63997,10380,28221,21411,8043,13060,1753,38419,22448,83582,89863,48076,12288,27294,159251,24922,97718,26240,11775,25575,3437,6297,158788,6543,17330,56721,11998,9702,16455,12766,11347,16021,15464,26785,130583,6823,181415,6409,101176,10322,105739,159688,177176,35401,17493,37137,55609,25137,13322,5963,54425,45588,40761,10752,66965,24910,1518,6438,46723,22735,26666,18756,6112,22445,58683,86373,31888,56026,10065,54589,67999,8223,66961,10988,15517,88673,37206,8982,3539,22469
1516833901,101222,37990,119201,22096,118345,58993,69199,22334,49558,18929,40913,83251,21866,18527,15392,52103,40899,93051,53544,119339,48201,14205,83386,10536,12688,13633,39090,7896,11887,32541,15180,10718,208548,6147,31584,20922,4957,2975,54981,53908,102925,12601,10461,50270,173020,25236,3426,186397,51197,2969,21291,31348,14004,12493,16632,4056,7788,8897,4081,16104,6098,97399,56201,19846,69870,39054,11361,22623,63997,10380,28221,21411,8043,13060,1753,38419,22448,83582,89863,48076,12288,27294,159251,24922,97718,26240,11775,25575,3437,6297,158788,6543,17330,56721,11998,9702,16455,12766,11347,16021,15464,26785,130583,6823,181415,6409,101176,10322,105739,159688,177176,35401,17493,37137,55609,25137,13322,5963,54425,45588,40761,10752,66965,24910,1518,6438,46723,22735,26666,18756,6112,22445,58683,86373,31888,56026,10065,54589,67999,8223,66961,10988,15517,88673,37206,8982,3539,22469
1516834201,101222,37990,119201,22096,118345,58993,69199,22334,49558,18929,40913,83251,21866,18527,15392,52103,40899,93051,53544,119339,48201,14205,83386,10536,12688,13633,39090,7896,11887,32541,15180,10718,208548,6147,31584,20922,4957,2975,54981,53908,102925,12601,10461,50270,173020,25236,3426,186397,51197,2969,21291,31348,14004,12493,16632,4056,7788,8897,4081,16104,6098,97399,56201,19846,69870,39054,11361,22623,63997,10380,28221,21411,8043,13060,1753,38419,22448,83582,89863,48076,12288,27294,159251,24922,97718,26240,11775,25575,3437,6297,158788,6543,17330,56721,11998,9702,16455,12766,11347,16021,15464,26785,130583,6823,181415,6409,101176,10322,105739,159688,177176,35401,17493,37137,55609,25137,13322,5963,54425,45588,40761,10752,66965,24910,1518,6438,46723,22735,26666,18756,6112,22445,58683,86373,31888,56026,10065,54589,67999,8223,66961,10988,15517,88673,37206,8982,3539,22469
1516834501,101222,37990,119201,22096,118345,58993,69199,22334,49558,18929,40913,83251,21866,18527,15392,52103,40899,93051,53544,119339,48201,14205,83386,10536,12688,13633,39090,7896,11887,32541,15180,10718,208548,6147,31584,20922,4957,2975,54981,53908,102925,12601,10461,50270,173020,25236,3426,186397,51197,2969,21291,31348,14004,12493,16632,4056,7788,8897,4081,16104,6098,97399,56201,19846,69870,39054,11361,22623,63997,10380,28221,21411,8043,13060,1753,38419,22448,83582,89863,48076,12288,27294,159251,24922,97718,26240,11775,25575,3437,6297,158788,6543,17330,56721,11998,9702,16455,12766,11347,16021,15464,26785,130583,6823,181415,6409,101176,10322,105739,159688,177176,35401,17493,37137,55609,25137,13322,5963,54425,45588,40761,10752,66965,24910,1518,6438,46723,22735,26666,18756,6112,22445,58683,86373,31888,56026,10065,54589,67999,8223,66961,10988,15517,88673,37206,8982,3539,22469
1516834801,101222,37990,119201,22096,118345,58993,69199,22334,49558,18929,40913,83251,21866,18527,15392,52103,40899,93051,53544,119339,48201,14205,83386,10536,12688,13633,39090,7896,11887,32541,15180,10718,208548,6147,31584,20922,4957,2975,54981,53908,102925,12601,10461,50270,173020,25236,3426,186397,51197,2969,21291,31348,14004,12493,16632,4056,7788,8897,4081,16104,6098,97399,56201,19846,69870,39054,11361,22623,63997,10380,28221,21411,8043,13060,1753,38419,22448,83582,89863,48076,12288,27294,159251,24922,97718,26240,11775,25575,3437,6297,158788,6543,17330,56721,11998,9702,16455,12766,11347,16021,15464,26785,130583,6823,181415,6409,101176,10322,105739,159688,177176,35401,17493,37137,55609,25137,13322,5963,54425,45588,40761,10752,66965,24910,1518,6438,46723,22735,26666,18756,6112,22445,58683,86373,31888,56026,10065,54589,67999,8223,66961,10988,15517,88673,37206,8982,3539,22469
1516835101,101222,37990,119201,22096,118345,58993,69199,22334,49558,18929,40913,83251,21866,18527,15392,52103,40899,93051,53544,119339,48201,14205,83386,10536,12688,13633,39090,7896,11887,32541,15180,10718,208548,6147,31584,20922,4957,2975,54981,53908,102925,12601,10461,50270,173020,25236,3426,186397,51197,2969,21291,31348,14004,12493,16632,4056,7788,8897,4081,16104,6098,97399,56201,19846,69870,39054,11361,22623,63997,10380,28221,21411,8043,13060,1753,38419,22448,83582,89863,48076,12288,27294,159251,24922,97718,26240,11775,25575,3437,6297,158788,6543,17330,56721,11998,9702,16455,12766,11347,16021,15464,26785,130583,6823,181415,6409,101176,10322,105739,159688,177176,35401,17493,37137,55609,25137,13322,5963,54425,45588,40761,10752,66965,24910,1518,6438,46723,22735,26666,18756,6112,22445,58683,86373,31888,56026,10065,54589,67999,8223,66961,10988,15517,88673,37206,8982,3539,22469
1516835401,101222,37990,119201,22096,118345,58993,69199,22334,49558,18929,40913,83251,21866,18527,15392,52103,40899,93051,53544,119339,48201,14205,83386,10536,12688,13633,39090,7896,11887,32541,15180,10718,208548,6147,31584,20922,4957,2975,54981,53908,102925,12601,10461,50270,173020,25236,3426,186397,51197,2969,21291,31348,14004,12493,16632,4056,7788,8897,4081,16104,6098,97399,56201,19846,69870,39054,11361,22623,63997,10380,28221,21411,8043,13060,1753,38419,22448,83582,89863,48076,12288,27294,159251,24922,97718,26240,11775,25575,3437,6297,158788,6543,17330,56721,11998,9702,16455,12766,11347,16021,15464,26785,130583,6823,181415,6409,101176,10322,105739,159688,177176,35401,17493,37137,55609,25137,13322,5963,54425,45588,40761,10752,66965,24910,1518,6438,46723,22735,26666,18756,6112,22445,58683,86373,31888,56026,10065,54589,67999,8223,66961,10988,15517,88673,37206,8982,3539,22469
1516835701,101222,37990,119201,22096,118345,58993,69199,22334,49558,18929,40913,83251,21866,18527,15392,52103,40899,93051,53544,119339,48201,14205,83386,10536,12688,13633,39090,7896,11887,32541,15180,10718,208548,6147,31584,20922,4957,2975,54981,53908,102925,12601,10461,50270,173020,25236,3426,186397,51197,2969,21291,31348,14004,12493,16632,4056,7788,8897,4081,16104,6098,97399,56201,19846,69870,39054,11361,22623,63997,10380,28221,21411,8043,13060,1753,38419,22448,83582,89863,48076,12288,27294,159251,24922,97718,26240,11775,25575,3437,6297,158788,6543,17330,56721,11998,9702,16455,12766,11347,16021,15464,26785,130583,6823,181415,6409,101176,10322,105739,159688,177176,35401,17493,37137,55609,25137,13322,5963,54425,45588,40761,10752,66965,24910,1518,6438,46723,22735,26666,18756,6112,22445,58683,86373,31888,56026,10065,54589,67999,8223,66961,10988,15517,88673,37206,8982,3539,22469
1516836001,101222,37990,119201,22096,118345,58993,69199,22334,49558,18929,40913,83251,21866,18527,15392,52103,40899,93051,53544,119339,48201,14205,83386,10536,12688,13633,39090,7896,11887,32541,15180,10718,208548,6147,31584,20922,4957,2975,54981,53908,102925,12601,10461,50270,173020,25236,3426,186397,51197,2969,21291,31348,14004,12493,16632,4056,7788,8897,4081,16104,6098,97399,56201,19846,69870,39054,11361,22623,63997,10380,28221,21411,8043,13060,1753,38419,22448,83582,89863,48076,12288,27294,159251,24922,97718,26240,11775,25575,3437,6297,158788,6543,17330,56721,11998,9702,16455,12766,11347,16021,15464,26785,130583,6823,181415,6409,101176,10322,105739,159688,177176,35401,17493,37137,55609,25137,13322,5963,54425,45588,40761,10752,66965,24910,1518,6438,46723,22735,26666,18756,6112,22445,58683,86373,31888,56026,10065,54589,67999,8223,66961,10988,15517,88673,37206,8982,3539,22469
1516836301,101222,37990,119201,22096,118345,58993,69199,22334,49558,18929,40913,83251,21866,18527,15392,52103,40899,93051,53544,119339,48201,14205,83386,10536,12688,13633,39090,7896,11887,32541,15180,10718,208548,6147,31584,20922,4957,2975,54981,53908,102925,12601,10461,50270,173020,25236,3426,186397,51197,2969,21291,31348,14004,12493,16632,4056,7788,8897,4081,16104,6098,97399,56201,19846,69870,39054,11361,22623,63997,10380,28221,21411,8043,13060,1753,38419,22448,83582,89863,48076,12288,27294,159251,24922,97718,26240,11775,25575,3437,6297,158788,6543,17330,56721,11998,9702,16455,12766,11347,16021,15464,26785,130583,6823,181415,6409,101176,10322,105739,159688,177176,35401,17493,37137,55609,25137,13322,5963,54425,45588,40761,10752,66965,24910,1518,6438,46723,22735,26666,18756,6112,22445,58683,86373,31888,56026,10065,54589,67999,8223,66961,10988,15517,88673,37206,8982,3539,22469
1516836601,101222,37990,119201,22096,118345,58993,69199,22334,49558,18929,40913,83251,21866,18527,15392,52103,40899,93051,53544,119339,48201,14205,83386,10536,12688,13633,39090,7896,11887,32541,15180,10718,208548,6147,31584,20922,4957,2975,54981,53908,102925,12601,10461,50270,173020,25236,3426,186397,51197,2969,21291,31348,14004,12493,16632,4056,7788,8897,4081,16104,6098,97399,56201,19846,69870,39054,11361,22623,63997,10380,28221,21411,8043,13060,1753,38419,22448,83582,89863,48076,12288,27294,159251,24922,97718,26240,11775,25575,3437,6297,158788,6543,17330,56721,11998,9702,16455,12766,11347,16021,15464,26785,130583,6823,181415,6409,101176,10322,105739,159688,177176,35401,17493,37137,55609,25137,13322,5963,54425,45588,40761,10752,66965,24910,1518,6438,46723,22735,26666,18756,6112,22445,58683,86373,31888,56026,10065,54589,67999,8223,66961,10988,15517,88673,37206,8982,3539,22469
1516836901,101222,37990,119201,22096,118345,58993,69199,22334,49558,18929,40913,83251,21866,18527,15392,52103,40899,93051,53544,119339,48201,14205,83386,10536,12688,13633,39090,7896,11887,32541,15180,10718,208548,6147,31584,20922,4957,2975,54981,53908,102925,12601,10461,50270,173020,25236,3426,186397,51197,2969,21291,31348,14004,12493,16632,4056,7788,8897,4081,16104,6098,97399,56201,19846,69870,39054,11361,22623,63997,10380,28221,21411,8043,13060,1753,38419,22448,83582,89863,48076,12288,27294,159251,24922,97718,26240,11775,25575,3437,6297,158788,6543,17330,56721,11998,9702,16455,12766,11347,16021,15464,26785,130583,6823,181415,6409,101176,10322,105739,159688,177176,35401,17493,37137,55609,25137,13322,5963,54425,45588,40761,10752,66965,24910,1518,6438,46723,22735,26666,18756,6112,22445,58683,86373,31888,56026,10065,54589,67999,8223,66961,10988,15517,88673,37206,8982,3539,22469
1516837201,101222,37990,119201,22096,118345,58993,69199,22334,49558,18929,40913,83251,21866,18527,15392,52103,40899,93051,53544,119339,48201,14205,83386,10536,12688,13633,39090,7896,11887,32541,15180,10718,208548,6147,31584,20922,4957,2975,54981,53908,102925,12601,10461,50270,173020,25236,3426,186397,51197,2969,21291,31348,14004,12493,16632,4056,7788,8897,4081,16104,6098,97399,56201,19846,69870,39054,11361,22623,63997,10380,28221,21411,8043,13060,1753,38419,22448,83582,89863,48076,12288,27294,159251,24922,97718,26240,11775,25575,3437,6297,158788,6543,17330,56721,11998,9702,16455,12766,11347,16021,15464,26785,130583,6823,181415,6409,101176,10322,105739,159688,177176,35401,17493,37137,55609,25137,13322,5963,54425,45588,40761,10752,66965,24910,1518,6438,46723,22735,26666,18756,6112,22445,58683,86373,31888,56026,10065,54589,67999,8223,66961,10988,15517,88673,37206,8982,3539,22469
1516837501,101222,37990,119201,22096,118345,58993,69199,22334,49558,18929,40913,83251,21866,18527,15392,52103,40899,93051,53544,119339,48201,14205,83386,10536,12688,13633,39090,7896,11887,32541,15180,10718,208548,6147,31584,20922,4957,2975,54981,53908,102925,12601,10461,50270,173020,25236,3426,186397,51197,2969,21291,31348,14004,12493,16632,4056,7788,8897,4081,16104,6098,97399,56201,19846,69870,39054,11361,22623,63997,10380,28221,21411,8043,13060,1753,38419,22448,83582,89863,48076,12288,27294,159251,24922,97718,26240,11775,25575,3437,6297,158788,6543,17330,56721,11998,9702,16455,12766,11347,16021,15464,26785,130583,6823,181415,6409,101176,10322,105739,159688,177176,35401,17493,37137,55609,25137,13322,5963,54425,45588,40761,10752,66965,24910,1518,6438,46723,22735,26666,18756,6112,22445,58683,86373,31888,56026,10065,54589,67999,8223,66961,10988,15517,88673,37206,8982,3539,22469
1516837801,101222,37990,119201,22096,118345,58993,69199,22334,49558,18929,40913,83251,21866,18527,15392,52103,40899,93051,53544,119339,48201,14205,83386,10536,12688,13633,39090,7896,11887,32541,15180,10718,208548,6147,31584,20922,4957,2975,54981,53908,102925,12601,10461,50270,173020,25236,3426,186397,51197,2969,21291,31348,14004,12493,16632,4056,7788,8897,4081,16104,6098,97399,56201,19846,69870,39054,11361,22623,63997,10380,28221,21411,8043,13060,1753,38419,22448,83582,89863,48076,12288,27294,159251,24922,97718,26240,11775,25575,3437,6297,158788,6543,17330,56721,11998,9702,16455,12766,11347,16021,15464,26785,130583,6823,181415,6409,101176,10322,105739,159688,177176,35401,17493,37137,55609,25137,13322,5963,54425,45588,40761,10752,66965,24910,1518,6438,46723,22735,26666,18756,6112,22445,58683,86373,31888,56026,10065,54589,67999,8223,66961,10988,15517,88673,37206,8982,3539,22469
1516838101,101222,37990,119201,22096,118345,58993,69199,22334,49558,18929,40913,83251,21866,18527,15392,52103,40899,93051,53544,119339,48201,14205,83386,10536,12688,13633,39090,7896,11887,32541,15180,10718,208548,6147,31584,20922,4957,2975,54981,53908,102925,12601,10461,50270,173020,25236,3426,186397,51197,2969,21291,31348,14004,12493,16632,4056,7788,8897,4081,16104,6098,97399,56201,19846,69870,39054,11361,22623,63997,10380,28221,21411,8043,13060,1753,38419,22448,83582,89863,48076,12288,27294,159251,24922,97718,26240,11775,25575,3437,6297,158788,6543,17330,56721,11998,9702,16455,12766,11347,16021,15464,26785,130583,6823,181415,6409,101176,10322,105739,159688,177176,35401,17493,37137,55609,25137,13322,5963,54425,45588,40761,10752,66965,24910,1518,6438,46723,22735,26666,18756,6112,22445,58683,86373,31888,56026,10065,54589,67999,8223,66961,10988,15517,88673,37206,8982,3539,22469
1516838401,101222,37990,119201,22096,118345,58993,69199,22334,49558,18929,40913,83251,21866,18527,15392,52103,40899,93051,53544,119339,48201,14205,83386,10536,12688,13633,39090,7896,11887,32541,15180,10718,208548,6147,31584,20922,4957,2975,54981,53908,102925,12601,10461,50270,173020,25236,3426,186397,51197,2969,21291,31348,14004,12493,16632,4056,7788,8897,4081,16104,6098,97399,56201,19846,69870,39054,11361,22623,63997,10380,28221,21411,8043,13060,1753,38419,22448,83582,89863,48076,12288,27294,159251,24922,97718,26240,11775,25575,3437,6297,158788,6543,17330,56721,11998,9702,16455,12766,11347,16021,15464,26785,130583,6823,181415,6409,101176,10322,105739,159688,177176,35401,17493,37137,55609,25137,13322,5963,54425,45588,40761,10752,66965,24910,1518,6438,46723,22735,26666,18756,6112,22445,58683,86373,31888,56026,10065,54589,67999,8223,66961,10988,15517,88673,37206,8982,3539,22469
1516838701,101222,37990,119201,22096,118345,58993,69199,22334,49558,18929,40913,83251,21866,18527,15392,52103,40899,93051,53544,119339,48201,14205,83386,10536,12688,13633,39090,7896,11887,32541,15180,10718,208548,6147,31584,20922,4957,2975,54981,53908,102925,12601,10461,50270,173020,25236,3426,186397,51197,2969,21291,31348,14004,12493,16632,4056,7788,8897,4081,16104,6098,97399,56201,19846,69870,39054,11361,22623,63997,10380,28221,21411,8043,13060,1753,38419,22448,83582,89863,48076,12288,27294,159251,24922,97718,26240,11775,25575,3437,6297,158788,6543,17330,56721,11998,9702,16455,12766,11347,16021,15464,26785,130583,6823,181415,6409,101176,10322,105739,159688,177176,35401,17493,37137,55609,25137,13322,5963,54425,45588,40761,10752,66965,24910,1518,6438,46723,22735,26666,18756,6112,22445,58683,86373,31888,56026,10065,54589,67999,8223,66961,10988,15517,88673,37206,8982,3539,22469
1516839001,101222,37990,119201,22096,118345,58993,69199,22334,49558,18929,40913,83251,21866,18527,15392,52103,40899,93051,53544,119339,48201,14205,83386,10536,12688,13633,39090,7896,11887,32541,15180,10718,208548,6147,31584,20922,4957,2975,54981,53908,102925,12601,10461,50270,173020,25236,3426,186397,51197,2969,21291,31348,14004,12493,16632,4056,7788,8897,4081,16104,6098,97399,56201,19846,69870,39054,11361,22623,63997,10380,28221,21411,8043,13060,1753,38419,22448,83582,89863,48076,12288,27294,159251,24922,97718,26240,11775,25575,3437,6297,158788,6543,17330,56721,11998,9702,16455,12766,11347,16021,15464,26785,130583,6823,181415,6409,101176,10322,105739,159688,177176,35401,17493,37137,55609,25137,13322,5963,54425,45588,40761,10752,66965,24910,1518,6438,46723,22735,26666,18756,6112,22445,58683,86373,31888,56026,10065,54589,67999,8223,66961,10988,15517,88673,37206,8982,3539,22469
1516839301,101222,37990,119201,22096,118345,58993,69199,22334,49558,18929,40913,83251,21866,18527,15392,52103,40899,93051,53544,119339,48201,14205,83386,10536,12688,13633,39090,7896,11887,32541,15180,10718,208548,6147,31584,20922,4957,2975,54981,53908,102925,12601,10461,50270,173020,25236,3426,186397,51197,2969,21291,31348,14004,12493,16632,4056,7788,8897,4081,16104,6098,97399,56201,19846,69870,39054,11361,22623,63997,10380,28221,21411,8043,13060,1753,38419,22448,83582,89863,48076,12288,27294,159251,24922,97718,26240,11775,25575,3437,6297,158788,6543,17330,56721,11998,9702,16455,12766,11347,16021,15464,26785,130583,6823,181415,6409,101176,10322,105739,159688,177176,35401,17493,37137,55609,25137,13322,5963,54425,45588,40761,10752,66965,24910,1518,6438,46723,22735,26666,18756,6112,22445,58683,86373,31888,56026,10065,54589,67999,8223,66961,10988,15517,88673,37206,8982,3539,22469
1516839601,101222,37990,119201,22096,118345,58993,69199,22334,49558,18929,40913,83251,21866,18527,15392,52103,40899,93051,53544,119339,48201,14205,83386,10536,12688,13633,39090,7896,11887,32541,15180,10718,208548,6147,31584,20922,4957,2975,54981,53908,102925,12601,10461,50270,173020,25236,3426,186397,51197,2969,21291,31348,14004,12493,16632,4056,7788,8897,4081,16104,6098,97399,56201,19846,69870,39054,11361,22623,63997,10380,28221,21411,8043,13060,1753,38419,22448,83582,89863,48076,12288,27294,159251,24922,97718,26240,11775,25575,3437,6297,158788,6543,17330,56721,11998,9702,16455,12766,11347,16021,15464,26785,130583,6823,181415,6409,101176,10322,105739,159688,177176,35401,17493,37137,55609,25137,13322,5963,54425,45588,40761,10752,66965,24910,1518,6438,46723,22735,26666,18756,6112,22445,58683,86373,31888,56026,10065,54589,67999,8223,66961,10988,15517,88673,37206,8982,3539,22469
1516839901,101222,37990,119201,22096,118345,58993,69199,22334,49558,18929,40913,83251,21866,18527,15392,52103,40899,93051,53544,119339,48201,14205,83386,10536,12688,13633,39090,7896,11887,32541,15180,10718,208548,6147,31584,20922,4957,2975,54981,53908,102925,12601,10461,50270,173020,25236,3426,186397,51197,2969,21291,31348,14004,12493,16632,4056,7788,8897,4081,16104,6098,97399,56201,19846,69870,39054,11361,22623,63997,10380,28221,21411,8043,13060,1753,38419,22448,83582,89863,48076,12288,27294,159251,24922,97718,26240,11775,25575,3437,6297,158788,6543,17330,56721,11998,9702,16455,12766,11347,16021,15464,26785,130583,6823,181415,6409,101176,10322,105739,159688,177176,35401,17493,37137,55609,25137,13322,5963,54425,45588,40761,10752,66965,24910,1518,6438,46723,22735,26666,18756,6112,22445,58683,86373,31888,56026,10065,54589,67999,8223,66961,10988,15517,88673,37206,8982,3539,22469
1516840201,101222,37990,119201,22096,118345,58993,69199,22334,49558,18929,40913,83251,21866,18527,15392,52103,40899,93051,53544,119339,48201,14205,83386,10536,12688,13633,39090,7896,11887,32541,15180,10718,208548,6147,31584,20922,4957,2975,54981,53908,102925,12601,10461,50270,173020,25236,3426,186397,51197,2969,21291,31348,14004,12493,16632,4056,7788,8897,4081,16104,6098,97399,56201,19846,69870,39054,11361,22623,63997,10380,28221,21411,8043,13060,1753,38419,22448,83582,89863,48076,12288,27294,159251,24922,97718,26240,11775,25575,3437,6297,158788,6543,17330,56721,11998,9702,16455,12766,11347,16021,15464,26785,130583,6823,181415,6409,101176,10322,105739,159688,177176,35401,17493,37137,55609,25137,13322,5963,54425,45588,40761,10752,66965,24910,1518,6438,46723,22735,26666,18756,6112,22445,58683,86373,31888,56026,10065,54589,67999,8223,66961,10988,15517,88673,37206,8982,3539,22469
1516840501,101222,37990,119201,22096,118345,58993,69199,22334,49558,18929,40913,83251,21866,18527,15392,52103,40899,93051,53544,119339,48201,14205,83386,10536,12688,13633,39090,7896,11887,32541,15180,10718,208548,6147,31584,20922,4957,2975,54981,53908,102925,12601,10461,50270,173020,25236,3426,186397,51197,2969,21291,31348,14004,12493,16632,4056,7788,8897,4081,16104,6098,97399,56201,19846,69870,39054,11361,22623,63997,10380,28221,21411,8043,13060,1753,38419,22448,83582,89863,48076,12288,27294,159251,24922,97718,26240,11775,25575,3437,6297,158788,6543,17330,56721,11998,9702,16455,12766,11347,16021,15464,26785,130583,6823,181415,6409,101176,10322,105739,159688,177176,35401,17493,37137,55609,25137,13322,5963,54425,45588,40761,10752,66965,24910,1518,6438,46723,22735,26666,18756,6112,22445,58683,86373,31888,56026,10065,54589,67999,8223,66961,10988,15517,88673,37206,8982,3539,22469
1516840801,101222,37990,119201,22096,118345,58993,69199,22334,49558,18929,40913,83251,21866,18527,15392,52103,40899,93051,53544,119339,48201,14205,83386,10536,12688,13633,39090,7896,11887,32541,15180,10718,208548,6147,31584,20922,4957,2975,54981,53908,102925,12601,10461,50270,173020,25236,3426,186397,51197,2969,21291,31348,14004,12493,16632,4056,7788,8897,4081,16104,6098,97399,56201,19846,69870,39054,11361,22623,63997,10380,28221,21411,8043,13060,1753,38419,22448,83582,89863,48076,12288,27294,159251,24922,97718,26240,11775,25575,3437,6297,158788,6543,17330,56721,11998,9702,16455,12766,11347,16021,15464,26785,130583,6823,181415,6409,101176,10322,105739,159688,177176,35401,17493,37137,55609,25137,13322,5963,54425,45588,40761,10752,66965,24910,1518,6438,46723,22735,26666,18756,6112,22445,58683,86373,31888,56026,10065,54589,67999,8223,66961,10988,15517,88673,37206,8982,3539,22469
1516841101,101222,37990,119201,22096,118345,58993,69199,22334,49558,18929,40913,83251,21866,18527,15392,52103,40899,93051,53544,119339,48201,14205,83386,10536,12688,13633,39090,7896,11887,32541,15180,10718,208548,6147,31584,20922,4957,2975,54981,53908,102925,12601,10461,50270,173020,25236,3426,186397,51197,2969,21291,31348,14004,12493,16632,4056,7788,8897,4081,16104,6098,97399,56201,19846,69870,39054,11361,22623,63997,10380,28221,21411,8043,13060,1753,38419,22448,83582,89863,48076,12288,27294,159251,24922,97718,26240,11775,25575,3437,6297,158788,6543,17330,56721,11998,9702,16455,12766,11347,16021,15464,26785,130583,6823,181415,6409,101176,10322,105739,159688,177176,35401,17493,37137,55609,25137,13322,5963,54425,45588,40761,10752,66965,24910,1518,6438,46723,22735,26666,18756,6112,22445,58683,86373,31888,56026,10065,54589,67999,8223,66961,10988,15517,88680,37206,8982,3539,22469
1516841401,101222,37990,119201,22096,118345,58993,69199,22334,49558,18929,40913,83251,21866,18527,15392,52103,40899,93051,53544,119339,48201,14205,83386,10536,12688,13633,39090,7896,11887,32541,15180,10718,208548,6147,31584,20922,4957,2975,54981,53908,102925,12601,10461,50270,173020,25236,3426,186397,51197,2969,21291,31348,14004,12493,16632,4056,7788,8897,4081,16104,6098,97399,56201,19846,69870,39054,11361,22623,63997,10380,28221,21411,8043,13060,1753,38419,22448,83582,89863,48076,12288,27294,159251,24922,97718,26240,11775,25575,3437,6297,158788,6543,17330,56721,11998,9702,16455,12766,11347,16021,15464,26785,130583,6823,181415,6409,101176,10322,105739,159688,177176,35401,17493,37137,55609,25137,13322,5963,54425,45588,40761,10752,66965,24910,1518,6438,46723,22735,26666,18756,6112,22445,58683,86373,31888,56026,10065,54589,67999,8223,66961,10988,15517,88680,37206,8982,3539,22469
1516841701,101222,37990,119201,22096,118345,58993,69199,22334,49558,18929,40913,83251,21866,18527,15392,52103,40899,93051,53544,119339,48201,14205,83386,10536,12688,13633,39090,7896,11887,32541,15180,10718,208548,6147,31584,20922,4957,2975,54981,53908,102925,12601,10461,50270,173020,25236,3426,186397,51197,2969,21291,31348,14004,12493,16632,4056,7788,8897,4081,16104,6098,97399,56201,19846,69870,39054,11361,22623,63997,10380,28221,21411,8043,13060,1753,38419,22448,83582,89863,48076,12288,27294,159251,24922,97718,26240,11775,25575,3437,6297,158788,6543,17330,56721,11998,9702,16455,12766,11347,16021,15464,26785,130583,6823,181415,6409,101176,10322,105739,159688,177176,35401,17493,37137,55609,25137,13322,5963,54425,45588,40761,10752,66965,24910,1518,6438,46723,22735,26666,18756,6112,22445,58683,86373,31888,56026,10065,54589,67999,8223,66961,10988,15517,88680,37206,8982,3539,22469
1516842001,101222,37990,119201,22096,118345,58993,69199,22334,49558,18929,40913,83251,21866,18527,15392,52103,40899,93051,53544,119339,48201,14205,83386,10536,12688,13633,39090,7896,11887,32541,15180,10718,208548,6147,31584,20922,4957,2975,54981,53908,102925,12601,10461,50270,173020,25236,3426,186397,51197,2969,21291,31348,14004,12493,16632,4056,7788,8897,4081,16104,6098,97399,56201,19846,69870,39054,11361,22623,63997,10380,28221,21411,8043,13060,1753,38419,22448,83582,89863,48076,12288,27294,159251,24922,97718,26240,11775,25575,3437,6297,158788,6543,17330,56721,11998,9702,16455,12766,11347,16021,15464,26785,130583,6823,181415,6409,101176,10322,105739,159688,177176,35401,17493,37137,55609,25137,13322,5963,54425,45588,40761,10752,66965,24910,1518,6438,46723,22735,26666,18756,6112,22445,58683,86373,31888,56026,10065,54589,67999,8223,66961,10988,15517,88680,37206,8982,3539,22469
1516842301,101222,37990,119201,22096,118345,58993,69199,22334,49558,18929,40913,83251,21866,18527,15392,52103,40899,93051,53544,119339,48201,14205,83386,10536,12688,13633,39090,7896,11887,32541,15180,10718,208548,6147,31584,20922,4957,2975,54981,53908,102925,12601,10461,50270,173020,25236,3426,186397,51197,2969,21291,31348,14004,12493,16632,4056,7788,8897,4081,16104,6098,97399,56201,19846,69870,39054,11361,22623,63997,10380,28221,21411,8043,13060,1753,38419,22448,83582,89863,48076,12288,27294,159251,24922,97718,26240,11775,25575,3437,6297,158788,6543,17330,56721,11998,9702,16455,12766,11347,16021,15464,26785,130583,6823,181415,6409,101176,10322,105739,159688,177176,35401,17493,37137,55609,25137,13322,5963,54425,45588,40761,10752,66965,24910,1518,6438,46723,22735,26666,18756,6112,22445,58683,86373,31888,56026,10065,54589,67999,8223,66961,10988,15517,88680,37206,8982,3539,22469
1516842601,101222,37990,119201,22096,118345,58993,69199,22334,49558,18929,40913,83251,21866,18527,15392,52103,40899,93051,53544,119339,48201,14205,83386,10536,12688,13633,39090,7896,11887,32541,15180,10718,208548,6147,31584,20922,4957,2975,54981,53908,102925,12601,10461,50270,173020,25236,3426,186397,51197,2969,21291,31348,14004,12493,16632,4056,7788,8897,4081,16104,6098,97399,56201,19846,69870,39054,11361,22623,63997,10380,28221,21411,8043,13060,1753,38419,22448,83582,89863,48076,12288,27294,159251,24922,97718,26240,11775,25575,3437,6297,158788,6543,17330,56721,11998,9702,16455,12766,11347,16021,15464,26785,130583,6823,181415,6409,101176,10322,105739,159688,177176,35401,17493,37137,55609,25137,13322,5963,54425,45588,40761,10752,66965,24910,1518,6438,46723,22735,26666,18756,6112,22445,58683,86373,31888,56026,10065,54589,67999,8223,66961,10988,15517,88680,37206,8982,3539,22469
1516842901,101222,37990,119201,22096,118345,58993,69199,22334,49558,18929,40913,83251,21866,18527,15392,52103,40899,93051,53544,119339,48201,14205,83386,10536,12688,13633,39090,7896,11887,32541,15180,10718,208548,6147,31584,20922,4957,2975,54981,53908,102925,12601,10461,50270,173020,25236,3426,186397,51197,2969,21291,31348,14004,12493,16632,4056,7788,8897,4081,16104,6098,97399,56201,19846,69870,39054,11361,22623,63997,10380,28221,21411,8043,13060,1753,38419,22448,83582,89863,48076,12288,27294,159251,24922,97718,26240,11775,25575,3437,6297,158788,6543,17330,56721,11998,9702,16455,12766,11347,16021,15464,26785,130583,6823,181415,6409,101176,10322,105739,159688,177176,35401,17493,37137,55609,25137,13322,5963,54425,45588,40761,10752,66965,24910,1518,6438,46723,22735,26666,18756,6112,22445,58683,86373,31888,56026,10065,54589,67999,8223,66961,10988,15517,88680,37206,8982,3539,22469
1516843202,101222,37990,119201,22096,118345,58993,69199,22334,49558,18929,40913,83251,21866,18527,15392,52103,40899,93051,53544,119339,48201,14205,83386,10536,12688,13633,39090,7896,11887,32541,15180,10718,208548,6147,31584,20922,4957,2975,54981,53908,102925,12601,10461,50270,173020,25236,3426,186397,51197,2969,21291,31348,14004,12493,16632,4056,7788,8897,4081,16104,6098,97399,56201,19846,69870,39054,11361,22623,63997,10380,28221,21411,8043,13060,1753,38419,22448,83582,89863,48076,12288,27294,159251,24922,97718,26240,11775,25575,3437,6297,158788,6543,17330,56721,11998,9702,16455,12766,11347,16021,15464,26785,130583,6823,181415,6409,101176,10322,105739,159688,177176,35401,17493,37137,55609,25137,13322,5963,54425,45588,40761,10752,66965,24910,1518,6438,46723,22735,26666,18756,6112,22445,58683,86373,31888,56026,10065,54589,67999,8223,66961,10988,15517,88680,37206,8982,3539,22469
1516843501,101222,37990,119201,22096,118345,58993,69199,22334,49558,18929,40913,83251,21866,18527,15392,52103,40899,93051,53544,119339,48201,14205,83386,10536,12688,13633,39090,7896,11887,32541,15180,10718,208548,6147,31584,20922,4957,2975,54981,53908,102925,12601,10461,50270,173020,25236,3426,186397,51197,2969,21291,31348,14004,12493,16632,4056,7788,8897,4081,16104,6098,97399,56201,19846,69870,39054,11361,22623,63997,10380,28221,21411,8043,13060,1753,38419,22448,83582,89863,48076,12288,27294,159251,24922,97718,26240,11775,25575,3437,6297,158788,6543,17330,56721,11998,9702,16455,12766,11347,16021,15464,26785,130583,6823,181415,6409,101176,10322,105739,159688,177176,35401,17493,37137,55609,25137,13322,5963,54425,45588,40761,10752,66965,24910,1518,6438,46723,22735,26666,18756,6112,22445,58683,86373,31888,56026,10065,54589,67999,8223,66961,10988,15517,88680,37206,8982,3539,22469
1516843801,101222,37990,119201,22096,118345,58993,69199,22334,49558,18929,40913,83251,21866,18527,15392,52103,40899,93051,53544,119339,48201,14205,83386,10536,12688,13633,39090,7896,11887,32541,15180,10718,208548,6147,31584,20922,4957,2975,54981,53908,102925,12601,10461,50270,173020,25236,3426,186397,51197,2969,21291,31348,14004,12493,16632,4056,7788,8897,4081,16104,6098,97399,56201,19846,69870,39054,11361,22623,63997,10380,28221,21411,8043,13060,1753,38419,22448,83582,89863,48076,12288,27294,159251,24922,97718,26240,11775,25575,3437,6297,158788,6543,17330,56721,11998,9702,16455,12766,11347,16021,15464,26785,130583,6823,181415,6409,101176,10322,105739,159688,177176,35401,17493,37137,55609,25137,13322,5963,54425,45588,40761,10752,66965,24910,1518,6438,46723,22735,26666,18756,6112,22445,58683,86373,31888,56026,10065,54589,67999,8223,66961,10988,15517,88680,37206,8982,3539,22469
1516844101,101222,37990,119201,22096,118345,58993,69199,22334,49558,18929,40913,83251,21866,18527,15392,52103,40899,93051,53544,119339,48201,14205,83386,10536,12688,13633,39090,7896,11887,32541,15180,10718,208548,6147,31584,20922,4957,2975,54981,53908,102925,12601,10461,50270,173020,25236,3426,186397,51197,2969,21291,31348,14004,12493,16632,4056,7788,8897,4081,16104,6098,97399,56201,19846,69870,39054,11361,22623,63997,10380,28221,21411,8043,13060,1753,38419,22448,83582,89863,48076,12288,27294,159251,24922,97718,26240,11775,25575,3437,6297,158788,6543,17330,56721,11998,9702,16455,12766,11347,16021,15464,26785,130583,6823,181415,6409,101176,10322,105739,159688,177176,35401,17493,37137,55609,25137,13322,5963,54425,45588,40761,10752,66965,24910,1518,6438,46723,22735,26666,18756,6112,22445,58683,86373,31888,56026,10065,54589,67999,8223,66961,10988,15517,88680,37206,8982,3539,22469
1516844401,101222,37990,119201,22096,118345,58993,69199,22334,49558,18929,40913,83251,21866,18527,15392,52103,40899,93051,53544,119339,48201,14205,83386,10536,12688,13633,39090,7896,11887,32541,15180,10718,208548,6147,31584,20922,4957,2975,54981,53908,102925,12601,10461,50270,173020,25236,3426,186397,51197,2969,21291,31348,14004,12493,16632,4056,7788,8897,4081,16104,6098,97399,56201,19846,69870,39054,11361,22623,63997,10380,28221,21411,8043,13060,1753,38419,22448,83582,89863,48076,12288,27294,159251,24922,97718,26240,11775,25575,3437,6297,158788,6543,17330,56721,11998,9702,16455,12766,11347,16021,15464,26785,130583,6823,181415,6409,101176,10322,105739,159688,177176,35401,17493,37137,55609,25137,13322,5963,54425,45588,40761,10752,66965,24910,1518,6438,46723,22735,26666,18756,6112,22445,58683,86373,31888,56026,10065,54589,67999,8223,66961,10988,15517,88680,37206,8982,3539,22469
1516844701,101222,37990,119201,22096,118345,58993,69199,22334,49558,18929,40913,83251,21866,18527,15392,52103,40899,93051,53544,119339,48201,14205,83386,10536,12688,13633,39090,7896,11887,32541,15180,10718,208548,6147,31584,20922,4957,2975,54981,53908,102925,12601,10461,50270,173020,25236,3426,186397,51197,2969,21291,31348,14004,12493,16632,4056,7788,8897,4081,16104,6098,97399,56201,19846,69870,39054,11361,22623,63997,10380,28221,21411,8043,13060,1753,38419,22448,83582,89863,48076,12288,27294,159251,24922,97718,26240,11775,25575,3437,6297,158788,6543,17330,56721,11998,9702,16455,12766,11347,16021,15464,26785,130583,6823,181415,6409,101176,10322,105739,159688,177176,35401,17493,37137,55609,25137,13322,5963,54425,45588,40761,10752,66965,24910,1518,6438,46723,22735,26666,18756,6112,22445,58683,86373,31888,56026,10065,54589,67999,8223,66961,10988,15517,88680,37206,8982,3539,22469
1516845001,101222,37990,119201,22096,118345,58993,69199,22334,49558,18929,40913,83251,21866,18527,15392,52103,40899,93051,53544,119339,48201,14205,83386,10536,12688,13633,39090,7896,11887,32541,15180,10718,208548,6147,31584,20922,4957,2975,54981,53908,102925,12601,10461,50270,173020,25236,3426,186397,51197,2969,21291,31348,14004,12493,16632,4056,7788,8897,4081,16104,6098,97399,56201,19846,69870,39054,11361,22623,63997,10380,28221,21411,8043,13060,1753,38419,22448,83582,89863,48076,12288,27294,159251,24922,97718,26240,11775,25575,3437,6297,158788,6543,17330,56721,11998,9702,16455,12766,11347,16021,15464,26785,130583,6823,181415,6409,101176,10322,105739,159688,177176,35401,17493,37137,55609,25137,13322,5963,54425,45588,40761,10752,66965,24910,1518,6438,46723,22735,26666,18756,6112,22445,58683,86373,31888,56026,10065,54589,67999,8223,66961,10988,15517,88680,37206,8982,3539,22469
1516845301,101222,37990,119201,22096,118345,58993,69199,22334,49558,18929,40913,83251,21866,18527,15392,52103,40899,93051,53544,119339,48201,14205,83386,10536,12688,13633,39090,7896,11887,32541,15180,10718,208548,6147,31584,20922,4957,2975,54981,53908,102925,12601,10461,50270,173020,25236,3426,186397,51197,2969,21291,31348,14004,12493,16632,4056,7788,8897,4081,16104,6098,97399,56201,19846,69870,39054,11361,22623,63997,10380,28221,21411,8043,13060,1753,38419,22448,83582,89863,48076,12288,27294,159251,24922,97718,26240,11775,25575,3437,6297,158788,6543,17330,56721,11998,9702,16455,12766,11347,16021,15464,26785,130583,6823,181415,6409,101176,10322,105739,159688,177176,35401,17493,37137,55609,25137,13322,5963,54425,45588,40761,10752,66965,24910,1518,6438,46723,22735,26666,18756,6112,22445,58683,86373,31888,56026,10065,54589,67999,8223,66961,10988,15517,88680,37206,8982,3539,22469
1516845602,101222,37990,119201,22096,118345,58993,69199,22334,49558,18929,40913,83251,21866,18527,15392,52103,40899,93051,53544,119339,48201,14205,83386,10536,12688,13633,39090,7896,11887,32541,15180,10718,208548,6147,31584,20922,4957,2975,54981,53908,102925,12601,10461,50270,173020,25236,3426,186397,51197,2969,21291,31348,14004,12493,16632,4056,7788,8897,4081,16104,6098,97399,56201,19846,69870,39054,11361,22623,63997,10380,28221,21411,8043,13060,1753,38419,22448,83582,89863,48076,12288,27294,159251,24922,97718,26240,11775,25575,3437,6297,158788,6543,17330,56721,11998,9702,16455,12766,11347,16021,15464,26785,130583,6823,181415,6409,101176,10322,105739,159688,177176,35401,17493,37137,55609,25137,13322,5963,54425,45588,40761,10752,66965,24910,1518,6438,46723,22735,26666,18756,6112,22445,58683,86373,31888,56026,10065,54589,67999,8223,66961,10988,15517,88680,37206,8982,3539,22469
1516845901,101222,37990,119201,22096,118345,58993,69199,22334,49558,18929,40913,83251,21866,18527,15392,52103,40899,93051,53544,119339,48201,14205,83386,10536,12688,13633,39090,7896,11887,32541,15180,10718,208548,6147,31584,20922,4957,2975,54981,53908,102925,12601,10461,50270,173020,25236,3426,186397,51197,2969,21291,31348,14004,12493,16632,4056,7788,8897,4081,16104,6098,97399,56201,19846,69870,39054,11361,22623,63997,10380,28221,21411,8043,13060,1753,38419,22448,83582,89863,48076,12288,27294,159251,24922,97718,26240,11775,25575,3437,6297,158788,6543,17330,56721,11998,9702,16455,12766,11347,16021,15464,26785,130583,6823,181415,6409,101176,10322,105739,159688,177176,35401,17493,37137,55609,25137,13322,5963,54425,45588,40761,10752,66965,24910,1518,6438,46723,22735,26666,18756,6112,22445,58683,86373,31888,56026,10065,54589,67999,8223,66961,10988,15517,88680,37206,8982,3539,22469
1516846201,101222,37990,119201,22096,118345,58993,69199,22334,49558,18929,40913,83251,21866,18527,15392,52103,40899,93051,53544,119339,48201,14205,83386,10536,12688,13633,39090,7896,11887,32541,15180,10718,208548,6147,31584,20922,4957,2975,54981,53908,102925,12601,10461,50270,173020,25236,3426,186397,51197,2969,21291,31348,14004,12493,16632,4056,7788,8897,4081,16104,6098,97399,56201,19846,69870,39054,11361,22623,63997,10380,28221,21411,8043,13060,1753,38419,22448,83582,89863,48076,12288,27294,159251,24922,97718,26240,11775,25575,3437,6297,158788,6543,17330,56721,11998,9702,16455,12766,11347,16021,15464,26785,130583,6823,181415,6409,101176,10322,105739,159688,177176,35401,17493,37137,55609,25137,13322,5963,54425,45588,40761,10752,66965,24910,1518,6438,46723,22735,26666,18756,6112,22445,58683,86373,31888,56026,10065,54589,67999,8223,66961,10988,15517,88680,37206,8982,3539,22469
1516846501,101222,37990,119201,22096,118345,58993,69199,22334,49558,18929,40913,83251,21866,18527,15392,52103,40899,93051,53544,119339,48201,14205,83386,10536,12688,13633,39090,7896,11887,32541,15180,10718,208548,6147,31584,20922,4957,2975,54981,53908,102925,12601,10461,50270,173020,25236,3426,186397,51197,2969,21291,31348,14004,12493,16632,4056,7788,8897,4081,16104,6098,97399,56201,19846,69870,39054,11361,22623,63997,10380,28221,21411,8043,13060,1753,38419,22448,83582,89863,48076,12288,27294,159251,24922,97718,26240,11775,25575,3437,6297,158788,6543,17330,56721,11998,9702,16455,12766,11347,16021,15464,26785,130583,6823,181415,6409,101176,10322,105739,159688,177176,35401,17493,37137,55609,25137,13322,5963,54425,45588,40761,10752,66965,24910,1518,6438,46723,22735,26666,18756,6112,22445,58683,86373,31888,56026,10065,54589,67999,8223,66961,10988,15517,88680,37206,8982,3539,22469
1516846802,101222,37990,119201,22096,118345,58993,69199,22334,49558,18929,40913,83251,21866,18527,15392,52103,40899,93051,53544,119339,48201,14205,83386,10536,12688,13633,39090,7896,11887,32541,15180,10718,208548,6147,31584,20922,4957,2975,54981,53908,102925,12601,10461,50270,173020,25236,3426,186397,51197,2969,21291,31348,14004,12493,16632,4056,7788,8897,4081,16104,6098,97399,56201,19846,69870,39054,11361,22623,63997,10380,28221,21411,8043,13060,1753,38419,22448,83582,89863,48076,12288,27294,159251,24922,97718,26240,11775,25575,3437,6297,158788,6543,17330,56721,11998,9702,16455,12766,11347,16021,15464,26785,130583,6823,181415,6409,101176,10322,105739,159688,177176,35401,17493,37137,55609,25137,13322,5963,54425,45588,40761,10752,66965,24910,1518,6438,46723,22735,26666,18756,6112,22445,58683,86373,31888,56026,10065,54589,67999,8223,66961,10988,15517,88680,37206,8982,3539,22469
1516847101,101222,37990,119201,22096,118345,58993,69199,22334,49558,18929,40913,83251,21866,18527,15392,52103,40899,93051,53544,119339,48201,14205,83386,10536,12688,13633,39090,7896,11887,32541,15180,10718,208548,6147,31584,20922,4957,2975,54981,53908,102925,12601,10461,50270,173020,25236,3426,186397,51197,2969,21291,31348,14004,12493,16632,4056,7788,8897,4081,16104,6098,97399,56201,19846,69870,39054,11361,22623,63997,10380,28221,21411,8043,13060,1753,38419,22448,83582,89863,48076,12288,27294,159251,24922,97718,26240,11775,25575,3437,6297,158788,6543,17330,56721,11998,9702,16455,12766,11347,16021,15464,26785,130583,6823,181415,6409,101176,10322,105739,159688,177176,35401,17493,37137,55609,25137,13322,5963,54425,45588,40761,10752,66965,24910,1518,6438,46723,22735,26666,18756,6112,22445,58683,86373,31888,56026,10065,54589,67999,8223,66961,10988,15517,88680,37206,8982,3539,22469
1516847401,101222,37990,119201,22096,118345,58993,69199,22334,49558,18929,40913,83251,21866,18527,15392,52103,40899,93051,53544,119339,48201,14205,83386,10536,12688,13633,39090,7896,11887,32541,15180,10718,208548,6147,31584,20922,4957,2975,54981,53908,102925,12601,10461,50270,173020,25236,3426,186397,51197,2969,21291,31348,14004,12493,16632,4056,7788,8897,4081,16104,6098,97399,56201,19846,69870,39054,11361,22623,63997,10380,28221,21411,8043,13060,1753,38419,22448,83582,89863,48076,12288,27294,159251,24922,97718,26240,11775,25575,3437,6297,158788,6543,17330,56721,11998,9702,16455,12766,11347,16021,15464,26785,130583,6823,181415,6409,101176,10322,105739,159688,177176,35401,17493,37137,55609,25137,13322,5963,54425,45588,40761,10752,66965,24910,1518,6438,46723,22735,26666,18756,6112,22445,58683,86373,31888,56026,10065,54589,67999,8223,66961,10988,15517,88680,37206,8982,3539,22469
1516847701,101222,37990,119201,22096,118345,58993,69199,22334,49558,18929,40913,83251,21866,18527,15392,52103,40899,93051,53544,119339,48201,14205,83386,10536,12688,13633,39090,7896,11887,32541,15180,10718,208548,6147,31584,20922,4957,2975,54981,53908,102925,12601,10461,50270,173020,25236,3426,186397,51197,2969,21291,31348,14004,12493,16632,4056,7788,8897,4081,16104,6098,97399,56201,19846,69870,39054,11361,22623,63997,10380,28221,21411,8043,13060,1753,38419,22448,83582,89863,48076,12288,27294,159251,24922,97718,26240,11775,25575,3437,6297,158788,6543,17330,56721,11998,9702,16455,12766,11347,16021,15464,26785,130583,6823,181415,6409,101176,10322,105739,159688,177176,35401,17493,37137,55609,25137,13322,5963,54425,45588,40761,10752,66965,24910,1518,6438,46723,22735,26666,18756,6112,22445,58683,86373,31888,56026,10065,54589,67999,8223,66961,10988,15517,88680,37206,8982,3539,22469
1516848001,101222,37990,119201,22096,118345,58993,69199,22334,49558,18929,40913,83251,21866,18527,15392,52103,40899,93051,53544,119339,48201,14205,83386,10536,12688,13633,39090,7896,11887,32541,15180,10718,208548,6147,31584,20922,4957,2975,54981,53908,102925,12601,10461,50270,173020,25236,3426,186397,51197,2969,21291,31348,14004,12493,16632,4056,7788,8897,4081,16104,6098,97399,56201,19846,69870,39054,11361,22623,63997,10380,28221,21411,8043,13060,1753,38419,22448,83582,89863,48076,12288,27294,159251,24922,97718,26240,11775,25575,3437,6297,158788,6543,17330,56721,11998,9702,16455,12766,11347,16021,15464,26785,130583,6823,181415,6409,101176,10322,105739,159688,177176,35401,17493,37137,55609,25137,13322,5963,54425,45588,40761,10752,66965,24910,1518,6438,46723,22735,26666,18756,6112,22445,58683,86373,31888,56026,10065,54589,67999,8223,66961,10988,15517,88680,37206,8982,3539,22469
1516848301,101222,37990,119201,22096,118345,58993,69199,22334,49558,18929,40913,83251,21866,18527,15392,52103,40899,93051,53544,119339,48201,14205,83386,10536,12688,13633,39090,7896,11887,32541,15180,10718,208548,6147,31584,20922,4957,2975,54981,53908,102925,12601,10461,50270,173020,25236,3426,186397,51197,2969,21291,31348,14004,12493,16632,4056,7788,8897,4081,16104,6098,97399,56201,19846,69870,39054,11361,22623,63997,10380,28221,21411,8043,13060,1753,38419,22448,83582,89863,48076,12288,27294,159251,24922,97718,26240,11775,25575,3437,6297,158788,6543,17330,56721,11998,9702,16455,12766,11347,16021,15464,26785,130583,6823,181415,6409,101176,10322,105739,159688,177176,35401,17493,37137,55609,25137,13322,5963,54425,45588,40761,10752,66965,24910,1518,6438,46723,22735,26666,18756,6112,22445,58683,86373,31888,56026,10065,54589,67999,8223,66961,10988,15517,88680,37206,8982,3539,22469
1516848601,101222,37990,119201,22096,118345,58993,69199,22334,49558,18929,40913,83251,21866,18527,15392,52103,40899,93051,53544,119339,48201,14205,83386,10536,12688,13633,39090,7896,11887,32541,15180,10718,208548,6147,31584,20922,4957,2975,54981,53908,102925,12601,10461,50270,173020,25236,3426,186397,51197,2969,21291,31348,14004,12493,16632,4056,7788,8897,4081,16104,6098,97399,56201,19846,69870,39054,11361,22623,63997,10380,28221,21411,8043,13060,1753,38419,22448,83582,89863,48076,12288,27294,159251,24922,97718,26240,11775,25575,3437,6297,158788,6543,17330,56721,11998,9702,16455,12766,11347,16021,15464,26785,130583,6823,181415,6409,101176,10322,105739,159688,177176,35401,17493,37137,55609,25137,13322,5963,54425,45588,40761,10752,66965,24910,1518,6438,46723,22735,26666,18756,6112,22445,58683,86373,31888,56026,10065,54589,67999,8223,66961,10988,15517,88680,37206,8982,3539,22469
1516848901,101222,37990,119201,22096,118345,58993,69199,22334,49558,18929,40913,83251,21866,18527,15392,52103,40899,93051,53544,119339,48201,14205,83386,10536,12688,13633,39090,7896,11887,32541,15180,10718,208548,6147,31584,20922,4957,2975,54981,53908,102925,12601,10461,50270,173020,25236,3426,186397,51197,2969,21291,31348,14004,12493,16632,4056,7788,8897,4081,16104,6098,97399,56201,19846,69870,39054,11361,22623,63997,10380,28221,21411,8043,13060,1753,38419,22448,83582,89863,48076,12288,27294,159251,24922,97718,26240,11775,25575,3437,6297,158788,6543,17330,56721,11998,9702,16455,12766,11347,16021,15464,26785,130583,6823,181415,6409,101176,10322,105739,159688,177176,35401,17493,37137,55609,25137,13322,5963,54425,45588,40761,10752,66965,24910,1518,6438,46723,22735,26666,18756,6112,22445,58683,86373,31888,56026,10065,54589,67999,8223,66961,10988,15517,88680,37206,8982,3539,22469
1516849201,101222,37990,119201,22096,118345,58993,69199,22334,49558,18929,40913,83251,21866,18527,15392,52103,40899,93051,53544,119339,48201,14205,83386,10536,12688,13633,39090,7896,11887,32541,15180,10718,208548,6147,31584,20922,4957,2975,54981,53908,102925,12601,10461,50270,173020,25236,3426,186397,51197,2969,21291,31348,14004,12493,16632,4056,7788,8897,4081,16104,6098,97399,56201,19846,69870,39054,11361,22623,63997,10380,28221,21411,8043,13060,1753,38419,22448,83582,89863,48076,12288,27294,159251,24922,97718,26240,11775,25575,3437,6297,158788,6543,17330,56721,11998,9702,16455,12766,11347,16021,15464,26785,130583,6823,181415,6409,101176,10322,105739,159688,177176,35401,17493,37137,55609,25137,13322,5963,54425,45588,40761,10752,66965,24910,1518,6438,46723,22735,26666,18756,6112,22445,58683,86373,31888,56026,10065,54589,67999,8223,66961,10988,15517,88680,37206,8982,3539,22469
1516849501,101222,37990,119201,22096,118345,58993,69199,22334,49558,18929,40913,83251,21866,18527,15392,52103,40899,93051,53544,119339,48201,14205,83386,10536,12688,13633,39090,7896,11887,32541,15180,10718,208548,6147,31584,20922,4957,2975,54981,53908,102925,12601,10461,50270,173020,25236,3426,186397,51197,2969,21291,31348,14004,12493,16632,4056,7788,8897,4081,16104,6098,97399,56201,19846,69870,39054,11361,22623,63997,10380,28221,21411,8043,13060,1753,38419,22448,83582,89863,48076,12288,27294,159251,24922,97718,26240,11775,25575,3437,6297,158788,6543,17330,56721,11998,9702,16455,12766,11347,16021,15464,26785,130583,6823,181415,6409,101176,10322,105739,159688,177176,35401,17493,37137,55609,25137,13322,5963,54425,45588,40761,10752,66965,24910,1518,6438,46723,22735,26666,18756,6112,22445,58683,86373,31888,56026,10065,54589,67999,8223,66961,10988,15517,88680,37206,8982,3539,22469
1516849801,101222,37990,119201,22096,118345,58993,69199,22334,49558,18929,40913,83251,21866,18527,15392,52103,40899,93051,53544,119339,48201,14205,83386,10536,12688,13633,39090,7896,11887,32541,15180,10718,208548,6147,31584,20922,4957,2975,54981,53908,102925,12601,10461,50270,173020,25236,3426,186397,51197,2969,21291,31348,14004,12493,16632,4056,7788,8897,4081,16104,6098,97399,56201,19846,69870,39054,11361,22623,63997,10380,28221,21411,8043,13060,1753,38419,22448,83582,89863,48076,12288,27294,159251,24922,97718,26240,11775,25575,3437,6297,158788,6543,17330,56721,11998,9702,16455,12766,11347,16021,15464,26785,130583,6823,181415,6409,101176,10322,105739,159688,177176,35401,17493,37137,55609,25137,13322,5963,54425,45588,40761,10752,66965,24910,1518,6438,46723,22735,26666,18756,6112,22445,58683,86373,31888,56026,10065,54589,67999,8223,66961,10988,15517,88680,37206,8982,3539,22469
1516850101,101222,37990,119201,22096,118345,58993,69199,22334,49558,18929,40913,83251,21866,18527,15392,52103,40899,93051,53544,119339,48201,14205,83386,10536,12688,13633,39090,7896,11887,32541,15180,10718,208548,6147,31584,20922,4957,2975,54981,53908,102925,12601,10461,50270,173020,25236,3426,186397,51197,2969,21291,31348,14004,12493,16632,4056,7788,8897,4081,16104,6098,97399,56201,19846,69870,39054,11361,22623,63997,10380,28221,21411,8043,13060,1753,38419,22448,83582,89863,48076,12288,27294,159251,24922,97718,26240,11775,25575,3437,6297,158788,6543,17330,56721,11998,9702,16455,12766,11347,16021,15464,26785,130583,6823,181415,6409,101176,10322,105739,159688,177176,35401,17493,37137,55609,25137,13322,5963,54425,45588,40761,10752,66965,24910,1518,6438,46723,22735,26666,18756,6112,22445,58683,86373,31888,56026,10065,54589,67999,8223,66961,10988,15517,88680,37206,8982,3539,22469
1516850401,101222,37990,119201,22096,118345,58993,69199,22334,49558,18929,40913,83251,21866,18527,15392,52103,40899,93051,53544,119339,48201,14205,83386,10536,12688,13633,39090,7896,11887,32541,15180,10718,208548,6147,31584,20922,4957,2975,54981,53908,102925,12601,10461,50270,173020,25236,3426,186397,51197,2969,21291,31348,14004,12493,16632,4056,7788,8897,4081,16104,6098,97399,56201,19846,69870,39054,11361,22623,63997,10380,28221,21411,8043,13060,1753,38419,22448,83582,89863,48076,12288,27294,159251,24922,97718,26240,11775,25575,3437,6297,158788,6543,17330,56721,11998,9702,16455,12766,11347,16021,15464,26785,130583,6823,181415,6409,101176,10322,105739,159688,177176,35401,17493,37137,55609,25137,13322,5963,54425,45588,40761,10752,66965,24910,1518,6438,46723,22735,26666,18756,6112,22445,58683,86373,31888,56026,10065,54589,67999,8223,66961,10988,15517,88680,37206,8982,3539,22469
1516850701,101222,37990,119201,22096,118345,58993,69199,22334,49558,18929,40913,83251,21866,18527,15392,52103,40899,93051,53544,119339,48201,14205,83386,10536,12688,13633,39090,7896,11887,32541,15180,10718,208548,6147,31584,20922,4957,2975,54981,53908,102925,12601,10461,50270,173020,25236,3426,186397,51197,2969,21291,31348,14004,12493,16632,4056,7788,8897,4081,16104,6098,97399,56201,19846,69870,39054,11361,22623,63997,10380,28221,21411,8043,13060,1753,38419,22448,83582,89863,48076,12288,27294,159251,24922,97718,26240,11775,25575,3437,6297,158788,6543,17330,56721,11998,9702,16455,12766,11347,16021,15464,26785,130583,6823,181415,6409,101176,10322,105739,159688,177176,35401,17493,37137,55609,25137,13322,5963,54425,45588,40761,10752,66965,24910,1518,6438,46723,22735,26666,18756,6112,22445,58683,86373,31888,56026,10065,54589,67999,8223,66961,10988,15517,88680,37206,8982,3539,22469
1516851001,101222,37990,119201,22096,118345,58993,69199,22334,49558,18929,40913,83251,21866,18527,15392,52103,40899,93051,53544,119339,48201,14205,83386,10536,12688,13633,39090,7896,11887,32541,15180,10718,208548,6147,31584,20922,4957,2975,54981,53908,102925,12601,10461,50270,173020,25236,3426,186397,51197,2969,21291,31348,14004,12493,16632,4056,7788,8897,4081,16104,6098,97399,56201,19846,69870,39054,11361,22623,63997,10380,28221,21411,8043,13060,1753,38419,22448,83582,89863,48076,12288,27294,159251,24922,97718,26240,11775,25575,3437,6297,158788,6543,17330,56721,11998,9702,16455,12766,11347,16021,15464,26785,130583,6823,181415,6409,101176,10322,105739,159688,177176,35401,17493,37137,55609,25137,13322,5963,54425,45588,40761,10752,66965,24910,1518,6438,46723,22735,26666,18756,6112,22445,58683,86373,31888,56026,10065,54589,67999,8223,66961,10988,15517,88680,37206,8982,3539,22469
1516851301,101222,37990,119201,22096,118345,58993,69199,22334,49558,18929,40913,83251,21866,18527,15392,52103,40899,93051,53544,119339,48201,14205,83386,10536,12688,13633,39090,7896,11887,32541,15180,10718,208548,6147,31584,20922,4957,2975,54981,53908,102925,12601,10461,50270,173020,25236,3426,186397,51197,2969,21291,31348,14004,12493,16632,4056,7788,8897,4081,16104,6098,97399,56201,19846,69870,39054,11361,22623,63997,10380,28221,21411,8043,13060,1753,38419,22448,83582,89863,48076,12288,27294,159251,24922,97718,26240,11775,25575,3437,6297,158788,6543,17330,56721,11998,9702,16455,12766,11347,16021,15464,26785,130583,6823,181415,6409,101176,10322,105739,159688,177176,35401,17493,37137,55609,25137,13322,5963,54425,45588,40761,10752,66965,24910,1518,6438,46723,22735,26666,18756,6112,22445,58683,86373,31888,56026,10065,54589,67999,8223,66961,10988,15517,88680,37206,8982,3539,22469
1516851601,101222,37990,119201,22096,118345,58993,69199,22334,49558,18929,40913,83251,21866,18527,15392,52103,40899,93051,53544,119339,48201,14205,83386,10536,12688,13633,39090,7896,11887,32541,15180,10718,208548,6147,31584,20922,4957,2975,54981,53908,102925,12601,10461,50270,173020,25236,3426,186397,51197,2969,21291,31348,14004,12493,16632,4056,7788,8897,4081,16104,6098,97399,56201,19846,69870,39054,11361,22623,63997,10380,28221,21411,8043,13060,1753,38419,22448,83582,89863,48076,12288,27294,159251,24922,97718,26240,11775,25575,3437,6297,158788,6543,17330,56721,11998,9702,16455,12766,11347,16021,15464,26785,130583,6823,181415,6409,101176,10322,105739,159688,177176,35401,17493,37137,55609,25137,13322,5963,54425,45588,40761,10752,66965,24910,1518,6438,46723,22735,26666,18756,6112,22445,58683,86373,31888,56026,10065,54589,67999,8223,66961,10988,15517,88680,37206,8982,3539,22469
1516851901,101222,37990,119201,22096,118345,58993,69199,22334,49558,18929,40913,83251,21866,18527,15392,52103,40899,93051,53544,119339,48201,14205,83386,10536,12688,13633,39090,7896,11887,32541,15180,10718,208548,6147,31584,20922,4957,2975,54981,53908,102925,12601,10461,50270,173020,25236,3426,186397,51197,2969,21291,31348,14004,12493,16632,4056,7788,8897,4081,16104,6098,97399,56201,19846,69870,39054,11361,22623,63997,10380,28221,21411,8043,13060,1753,38419,22448,83582,89863,48076,12288,27294,159251,24922,97718,26240,11775,25575,3437,6297,158788,6543,17330,56721,11998,9702,16455,12766,11347,16021,15464,26785,130583,6823,181415,6409,101176,10322,105739,159688,177176,35401,17493,37137,55609,25137,13322,5963,54425,45588,40761,10752,66965,24910,1518,6438,46723,22735,26666,18756,6112,22445,58683,86373,31888,56026,10065,54589,67999,8223,66961,10988,15517,88680,37206,8982,3539,22469
1516852201,101222,37990,119201,22096,118345,58993,69199,22334,49558,18929,40913,83251,21866,18527,15392,52103,40899,93051,53544,119339,48201,14205,83386,10536,12688,13633,39090,7896,11887,32541,15180,10718,208548,6147,31584,20922,4957,2975,54981,53908,102925,12601,10461,50270,173020,25236,3426,186397,51197,2969,21291,31348,14004,12493,16632,4056,7788,8897,4081,16104,6098,97399,56201,19846,69870,39054,11361,22623,63997,10380,28221,21411,8043,13060,1753,38419,22448,83582,89863,48076,12288,27294,159251,24922,97718,26240,11775,25575,3437,6297,158788,6543,17330,56721,11998,9702,16455,12766,11347,16021,15464,26785,130583,6823,181415,6409,101176,10322,105739,159688,177176,35401,17493,37137,55609,25137,13322,5963,54425,45588,40761,10752,66965,24910,1518,6438,46723,22735,26666,18756,6112,22445,58683,86373,31888,56026,10065,54589,67999,8223,66961,10988,15517,88680,37206,8982,3539,22469
1516852501,101222,37990,119201,22096,118345,58993,69199,22334,49558,18929,40913,83251,21866,18527,15392,52103,40899,93051,53544,119339,48201,14205,83386,10536,12688,13633,39090,7896,11887,32541,15180,10718,208548,6147,31584,20922,4957,2975,54981,53908,102925,12601,10461,50270,173020,25236,3426,186397,51197,2969,21291,31348,14004,12493,16632,4056,7788,8897,4081,16104,6098,97399,56201,19846,69870,39054,11361,22623,63997,10380,28221,21411,8043,13060,1753,38419,22448,83582,89863,48076,12288,27294,159251,24922,97718,26240,11775,25575,3437,6297,158788,6543,17330,56721,11998,9702,16455,12766,11347,16021,15464,26785,130583,6823,181415,6409,101176,10322,105739,159688,177176,35401,17493,37137,55609,25137,13322,5963,54425,45588,40761,10752,66965,24910,1518,6438,46723,22735,26666,18756,6112,22445,58683,86373,31888,56026,10065,54589,67999,8223,66961,10988,15517,88680,37206,8982,3539,22469
1516852801,101222,37990,119201,22096,118345,58993,69199,22334,49558,18929,40913,83251,21866,18527,15392,52103,40899,93051,53544,119339,48201,14205,83386,10536,12688,13633,39090,7896,11887,32541,15180,10718,208548,6147,31584,20922,4957,2975,54981,53908,102925,12601,10461,50270,173020,25236,3426,186397,51197,2969,21291,31348,14004,12493,16632,4056,7788,8897,4081,16104,6098,97399,56201,19846,69870,39054,11361,22623,63997,10380,28221,21411,8043,13060,1753,38419,22448,83582,89863,48076,12288,27294,159251,24922,97718,26240,11775,25575,3437,6297,158788,6543,17330,56721,11998,9702,16455,12766,11347,16021,15464,26785,130583,6823,181415,6409,101176,10322,105739,159688,177176,35401,17493,37137,55609,25137,13322,5963,54425,45588,40761,10752,66965,24910,1518,6438,46723,22735,26666,18756,6112,22445,58683,86373,31888,56026,10065,54589,67999,8223,66961,10988,15517,88680,37206,8982,3539,22469
1516853101,101222,37990,119201,22096,118345,58993,69199,22334,49558,18929,40913,83251,21866,18527,15392,52103,40899,93051,53544,119339,48201,14205,83386,10536,12688,13633,39090,7896,11887,32541,15180,10718,208548,6147,31584,20922,4957,2975,54981,53908,102925,12601,10461,50270,173020,25236,3426,186397,51197,2969,21291,31348,14004,12493,16632,4056,7788,8897,4081,16104,6098,97399,56201,19846,69870,39054,11361,22623,63997,10380,28221,21411,8043,13060,1753,38419,22448,83582,89863,48076,12288,27294,159251,24922,97718,26240,11775,25575,3437,6297,158788,6543,17330,56721,11998,9702,16455,12766,11347,16021,15464,26785,130583,6823,181415,6409,101176,10322,105739,159688,177176,35401,17493,37137,55609,25137,13322,5963,54425,45588,40761,10752,66965,24910,1518,6438,46723,22735,26666,18756,6112,22445,58683,86373,31888,56026,10065,54589,67999,8223,66961,10988,15517,88680,37206,8982,3539,22469
1516853401,101222,37990,119201,22096,118345,58993,69199,22334,49558,18929,40913,83251,21866,18527,15392,52103,40899,93051,53544,119339,48201,14205,83386,10536,12688,13633,39090,7896,11887,32541,15180,10718,208548,6147,31584,20922,4957,2975,54981,53908,102925,12601,10461,50270,173020,25236,3426,186397,51197,2969,21291,31348,14004,12493,16632,4056,7788,8897,4081,16104,6098,97399,56201,19846,69870,39054,11361,22623,63997,10380,28221,21411,8043,13060,1753,38419,22448,83582,89863,48076,12288,27294,159251,24922,97718,26240,11775,25575,3437,6297,158788,6543,17330,56721,11998,9702,16455,12766,11347,16021,15464,26785,130583,6823,181415,6409,101176,10322,105739,159688,177176,35401,17493,37137,55609,25137,13322,5963,54425,45588,40761,10752,66965,24910,1518,6438,46723,22735,26666,18756,6112,22445,58683,86373,31888,56026,10065,54589,67999,8223,66961,10988,15517,88680,37206,8982,3539,22469
1516853701,101222,37990,119201,22096,118345,58993,69199,22334,49558,18929,40913,83251,21866,18527,15392,52103,40899,93051,53544,119339,48201,14205,83386,10536,12688,13633,39090,7896,11887,32541,15180,10718,208548,6147,31584,20922,4957,2975,54981,53908,102925,12601,10461,50270,173020,25236,3426,186397,51197,2969,21291,31348,14004,12493,16632,4056,7788,8897,4081,16104,6098,97399,56201,19846,69870,39054,11361,22623,63997,10380,28221,21411,8043,13060,1753,38419,22448,83582,89863,48076,12288,27294,159251,24922,97718,26240,11775,25575,3437,6297,158788,6543,17330,56721,11998,9702,16455,12766,11347,16021,15464,26785,130583,6823,181415,6409,101176,10322,105739,159688,177176,35401,17493,37137,55609,25137,13322,5963,54425,45588,40761,10752,66965,24910,1518,6438,46723,22735,26666,18756,6112,22445,58683,86373,31888,56026,10065,54589,67999,8223,66961,10988,15517,88680,37206,8982,3539,22469
1516854001,101222,37990,119201,22096,118345,58993,69199,22334,49558,18929,40913,83251,21866,18527,15392,52103,40899,93051,53544,119339,48201,14205,83386,10536,12688,13633,39090,7896,11887,32541,15180,10718,208548,6147,31584,20922,4957,2975,54981,53908,102925,12601,10461,50270,173020,25236,3426,186397,51197,2969,21291,31348,14004,12493,16632,4056,7788,8897,4081,16104,6098,97399,56201,19846,69870,39054,11361,22623,63997,10380,28221,21411,8043,13060,1753,38419,22448,83582,89863,48076,12288,27294,159251,24922,97718,26240,11775,25575,3437,6297,158788,6543,17330,56721,11998,9702,16455,12766,11347,16021,15464,26785,130583,6823,181415,6409,101176,10322,105739,159688,177176,35401,17493,37137,55609,25137,13322,5963,54425,45588,40761,10752,66965,24910,1518,6438,46723,22735,26666,18756,6112,22445,58683,86373,31888,56026,10065,54589,67999,8223,66961,10988,15517,88680,37206,8982,3539,22469
1516854301,101222,37990,119201,22096,118345,58993,69199,22334,49558,18929,40913,83251,21866,18527,15392,52103,40899,93051,53544,119339,48201,14205,83386,10536,12688,13633,39090,7896,11887,32541,15180,10718,208548,6147,31584,20922,4957,2975,54981,53908,102925,12601,10461,50270,173020,25236,3426,186397,51197,2969,21291,31348,14004,12493,16632,4056,7788,8897,4081,16104,6098,97399,56201,19846,69870,39054,11361,22623,63997,10380,28221,21411,8043,13060,1753,38419,22448,83582,89863,48076,12288,27294,159251,24922,97718,26240,11775,25575,3437,6297,158788,6543,17330,56721,11998,9702,16455,12766,11347,16021,15464,26785,130583,6823,181415,6409,101176,10322,105739,159688,177176,35401,17493,37137,55609,25137,13322,5963,54425,45588,40761,10752,66965,24910,1518,6438,46723,22735,26666,18756,6112,22445,58683,86373,31888,56026,10065,54589,67999,8223,66961,10988,15517,88680,37206,8982,3539,22469
1516854602,101222,37990,119201,22096,118345,58993,69199,22334,49558,18929,40913,83251,21866,18527,15392,52103,40899,93051,53544,119339,48201,14205,83386,10536,12688,13633,39090,7896,11887,32541,15180,10718,208548,6147,31584,20922,4957,2975,54981,53908,102925,12601,10461,50270,173020,25236,3426,186397,51197,2969,21291,31348,14004,12493,16632,4056,7788,8897,4081,16104,6098,97399,56201,19846,69870,39054,11361,22623,63997,10380,28221,21411,8043,13060,1753,38419,22448,83582,89863,48076,12288,27294,159251,24922,97718,26240,11775,25575,3437,6297,158788,6543,17330,56721,11998,9702,16455,12766,11347,16021,15464,26785,130583,6823,181415,6409,101176,10322,105739,159688,177176,35401,17493,37137,55609,25137,13322,5963,54425,45588,40761,10752,66965,24910,1518,6438,46723,22735,26666,18756,6112,22445,58683,86373,31888,56026,10065,54589,67999,8223,66961,10988,15517,88680,37206,8982,3539,22469
1516854901,101222,37990,119201,22096,118345,58993,69199,22334,49558,18929,40913,83251,21866,18527,15392,52103,40899,93051,53544,119339,48201,14205,83386,10536,12688,13633,39090,7896,11887,32541,15180,10718,208548,6147,31584,20922,4957,2975,54981,53908,102925,12601,10461,50270,173020,25236,3426,186397,51197,2969,21291,31348,14004,12493,16632,4056,7788,8897,4081,16104,6098,97399,56201,19846,69870,39054,11361,22623,63997,10380,28221,21411,8043,13060,1753,38419,22448,83582,89863,48076,12288,27294,159251,24922,97718,26240,11775,25575,3437,6297,158788,6543,17330,56721,11998,9702,16455,12766,11347,16021,15464,26785,130583,6823,181415,6409,101176,10322,105739,159688,177176,35401,17493,37137,55609,25137,13322,5963,54425,45588,40761,10752,66965,24910,1518,6438,46723,22735,26666,18756,6112,22445,58683,86373,31888,56026,10065,54589,67999,8223,66961,10988,15517,88680,37206,8982,3539,22469
1516855201,101222,37990,119201,22096,118345,58993,69199,22334,49558,18929,40913,83251,21866,18527,15392,52103,40899,93051,53544,119339,48201,14205,83386,10536,12688,13633,39090,7896,11887,32541,15180,10718,208548,6147,31584,20922,4957,2975,54981,53908,102925,12601,10461,50270,173020,25236,3426,186397,51197,2969,21291,31348,14004,12493,16632,4056,7788,8897,4081,16104,6098,97399,56201,19846,69870,39054,11361,22623,63997,10380,28221,21411,8043,13060,1753,38419,22448,83582,89863,48076,12288,27294,159251,24922,97718,26240,11775,25575,3437,6297,158788,6543,17330,56721,11998,9702,16455,12766,11347,16021,15464,26785,130583,6823,181415,6409,101176,10322,105739,159688,177176,35401,17493,37137,55609,25137,13322,5963,54425,45588,40761,10752,66965,24910,1518,6438,46723,22735,26666,18756,6112,22445,58683,86373,31888,56026,10065,54589,67999,8223,66961,10988,15517,88680,37206,8982,3539,22469
1516855501,101222,37990,119201,22096,118345,58993,69199,22334,49558,18929,40913,83251,21866,18527,15392,52103,40899,93051,53544,119339,48201,14205,83386,10536,12688,13633,39090,7896,11887,32541,15180,10718,208548,6147,31584,20922,4957,2975,54981,53908,102925,12601,10461,50270,173020,25236,3426,186397,51197,2969,21291,31348,14004,12493,16632,4056,7788,8897,4081,16104,6098,97399,56201,19846,69870,39054,11361,22623,63997,10380,28221,21411,8043,13060,1753,38419,22448,83582,89863,48076,12288,27294,159251,24922,97718,26240,11775,25575,3437,6297,158788,6543,17330,56721,11998,9702,16455,12766,11347,16021,15464,26785,130583,6823,181415,6409,101176,10322,105739,159688,177176,35401,17493,37137,55609,25137,13322,5963,54425,45588,40761,10752,66965,24910,1518,6438,46723,22735,26666,18756,6112,22445,58683,86373,31888,56026,10065,54589,67999,8223,66961,10988,15517,88680,37206,8982,3539,22469
1516855801,101222,37990,119201,22096,118345,58993,69199,22334,49558,18929,40913,83251,21866,18527,15392,52103,40899,93051,53544,119339,48201,14205,83386,10536,12688,13633,39090,7896,11887,32541,15180,10718,208548,6147,31584,20922,4957,2975,54981,53908,102925,12601,10461,50270,173020,25236,3426,186397,51197,2969,21291,31348,14004,12493,16632,4056,7788,8897,4081,16104,6098,97399,56201,19846,69870,39054,11361,22623,63997,10380,28221,21411,8043,13060,1753,38419,22448,83582,89863,48076,12288,27294,159251,24922,97718,26240,11775,25575,3437,6297,158788,6543,17330,56721,11998,9702,16455,12766,11347,16021,15464,26785,130583,6823,181415,6409,101176,10322,105739,159688,177176,35401,17493,37137,55609,25137,13322,5963,54425,45588,40761,10752,66965,24910,1518,6438,46723,22735,26666,18756,6112,22445,58683,86373,31888,56026,10065,54589,67999,8223,66961,10988,15517,88680,37206,8982,3539,22469
1516856101,101222,37990,119201,22096,118345,58993,69199,22334,49558,18929,40913,83251,21866,18527,15392,52103,40899,93051,53544,119339,48201,14205,83386,10536,12688,13633,39090,7896,11887,32541,15180,10718,208548,6147,31584,20922,4957,2975,54981,53908,102925,12601,10461,50270,173020,25236,3426,186397,51197,2969,21291,31348,14004,12493,16632,4056,7788,8897,4081,16104,6098,97399,56201,19846,69870,39054,11361,22623,63997,10380,28221,21411,8043,13060,1753,38419,22448,83582,89863,48076,12288,27294,159251,24922,97718,26240,11775,25575,3437,6297,158788,6543,17330,56721,11998,9702,16455,12766,11347,16021,15464,26785,130583,6823,181415,6409,101176,10322,105739,159688,177176,35401,17493,37137,55609,25137,13322,5963,54425,45588,40761,10752,66965,24910,1518,6438,46723,22735,26666,18756,6112,22445,58683,86373,31888,56026,10065,54589,67999,8223,66961,10988,15517,88680,37206,8982,3539,22469
1516856401,101222,37990,119201,22096,118345,58993,69199,22334,49558,18929,40913,83251,21866,18527,15392,52103,40899,93051,53544,119339,48201,14205,83386,10536,12688,13633,39090,7896,11887,32541,15180,10718,208548,6147,31584,20922,4957,2975,54981,53908,102925,12601,10461,50270,173020,25236,3426,186397,51197,2969,21291,31348,14004,12493,16632,4056,7788,8897,4081,16104,6098,97399,56201,19846,69870,39054,11361,22623,63997,10380,28221,21411,8043,13060,1753,38419,22448,83582,89863,48076,12288,27294,159251,24922,97718,26240,11775,25575,3437,6297,158788,6543,17330,56721,11998,9702,16455,12766,11347,16021,15464,26785,130583,6823,181415,6409,101176,10322,105739,159688,177176,35401,17493,37137,55609,25137,13322,5963,54425,45588,40761,10752,66965,24910,1518,6438,46723,22735,26666,18756,6112,22445,58683,86373,31888,56026,10065,54589,67999,8223,66961,10988,15517,88680,37206,8982,3539,22469
1516856701,101222,37990,119201,22096,118345,58993,69199,22334,49558,18929,40913,83251,21866,18527,15392,52103,40899,93051,53544,119339,48201,14205,83386,10536,12688,13633,39090,7896,11887,32541,15180,10718,208548,6147,31584,20922,4957,2975,54981,53908,102925,12601,10461,50270,173020,25236,3426,186397,51197,2969,21291,31348,14004,12493,16632,4056,7788,8897,4081,16104,6098,97399,56201,19846,69870,39054,11361,22623,63997,10380,28221,21411,8043,13060,1753,38419,22448,83582,89863,48076,12288,27294,159251,24922,97718,26240,11775,25575,3437,6297,158788,6543,17330,56721,11998,9702,16455,12766,11347,16021,15464,26785,130583,6823,181415,6409,101176,10322,105739,159688,177176,35401,17493,37137,55609,25137,13322,5963,54425,45588,40761,10752,66965,24910,1518,6438,46723,22735,26666,18756,6112,22445,58683,86373,31888,56026,10065,54589,67999,8223,66961,10988,15517,88680,37206,8982,3539,22469
1516857001,101222,37990,119201,22096,118345,58993,69199,22334,49558,18929,40913,83251,21866,18527,15392,52103,40899,93051,53544,119339,48201,14205,83386,10536,12688,13633,39090,7896,11887,32541,15180,10718,208548,6147,31584,20922,4957,2975,54981,53908,102925,12601,10461,50270,173020,25236,3426,186397,51197,2969,21291,31348,14004,12493,16632,4056,7788,8897,4081,16104,6098,97399,56201,19846,69870,39054,11361,22623,63997,10380,28221,21411,8043,13060,1753,38419,22448,83582,89863,48076,12288,27294,159251,24922,97718,26240,11775,25575,3437,6297,158788,6543,17330,56721,11998,9702,16455,12766,11347,16021,15464,26785,130583,6823,181415,6409,101176,10322,105739,159688,177176,35401,17493,37137,55609,25137,13322,5963,54425,45588,40761,10752,66965,24910,1518,6438,46723,22735,26666,18756,6112,22445,58683,86373,31888,56026,10065,54589,67999,8223,66961,10988,15517,88680,37206,8982,3539,22469
1516857301,101222,37990,119201,22096,118345,58993,69199,22334,49558,18929,40913,83251,21866,18527,15392,52103,40899,93051,53544,119339,48201,14205,83386,10536,12688,13633,39090,7896,11887,32541,15180,10718,208548,6147,31584,20922,4957,2975,54981,53908,102925,12601,10461,50270,173020,25236,3426,186397,51197,2969,21291,31348,14004,12493,16632,4056,7788,8897,4081,16104,6098,97399,56201,19846,69870,39054,11361,22623,63997,10380,28221,21411,8043,13060,1753,38419,22448,83582,89863,48076,12288,27294,159251,24922,97718,26240,11775,25575,3437,6297,158788,6543,17330,56721,11998,9702,16455,12766,11347,16021,15464,26785,130583,6823,181415,6409,101176,10322,105739,159688,177176,35401,17493,37137,55609,25137,13322,5963,54425,45588,40761,10752,66965,24910,1518,6438,46723,22735,26666,18756,6112,22445,58683,86373,31888,56026,10065,54589,67999,8223,66961,10988,15517,88680,37206,8982,3539,22469
1516857601,101222,37990,119201,22096,118345,58993,69199,22334,49558,18929,40913,83251,21866,18527,15392,52103,40899,93051,53544,119339,48201,14205,83386,10536,12688,13633,39090,7896,11887,32541,15180,10718,208548,6147,31584,20922,4957,2975,54981,53908,102925,12601,10461,50270,173020,25236,3426,186397,51197,2969,21291,31348,14004,12493,16632,4056,7788,8897,4081,16104,6098,97399,56201,19846,69870,39054,11361,22623,63997,10380,28221,21411,8043,13060,1753,38419,22448,83582,89863,48076,12288,27294,159251,24922,97718,26240,11775,25575,3437,6297,158788,6543,17330,56721,11998,9702,16455,12766,11347,16021,15464,26785,130583,6823,181415,6409,101176,10322,105739,159688,177176,35401,17493,37137,55609,25137,13322,5963,54425,45588,40761,10752,66965,24910,1518,6438,46723,22735,26666,18756,6112,22445,58683,86373,31888,56026,10065,54589,67999,8223,66961,10988,15517,88680,37206,8982,3539,22469
1516857901,101222,37990,119201,22096,118345,58993,69199,22334,49558,18929,40913,83251,21866,18527,15392,52103,40899,93051,53544,119339,48201,14205,83386,10536,12688,13633,39090,7896,11887,32541,15180,10718,208548,6147,31584,20922,4957,2975,54981,53908,102925,12601,10461,50270,173020,25236,3426,186397,51197,2969,21291,31348,14004,12493,16632,4056,7788,8897,4081,16104,6098,97399,56201,19846,69870,39054,11361,22623,63997,10380,28221,21411,8043,13060,1753,38419,22448,83582,89863,48076,12288,27294,159251,24922,97718,26240,11775,25575,3437,6297,158788,6543,17330,56721,11998,9702,16455,12766,11347,16021,15464,26785,130583,6823,181415,6409,101176,10322,105739,159688,177176,35401,17493,37137,55609,25137,13322,5963,54425,45588,40761,10752,66965,24910,1518,6438,46723,22735,26666,18756,6112,22445,58683,86373,31888,56026,10065,54589,67999,8223,66961,10988,15517,88680,37206,8982,3539,22469
1516858201,101222,37990,119201,22096,118345,58993,69199,22334,49558,18929,40913,83251,21866,18527,15392,52103,40899,93051,53544,119339,48201,14205,83386,10536,12688,13633,39090,7896,11887,32541,15180,10718,208548,6147,31584,20922,4957,2975,54981,53908,102925,12601,10461,50270,173020,25236,3426,186397,51197,2969,21291,31348,14004,12493,16632,4056,7788,8897,4081,16104,6098,97399,56201,19846,69870,39054,11361,22623,63997,10380,28221,21411,8043,13060,1753,38419,22448,83582,89863,48076,12288,27294,159251,24922,97718,26240,11775,25575,3437,6297,158788,6543,17330,56721,11998,9702,16455,12766,11347,16021,15464,26785,130583,6823,181415,6409,101176,10322,105739,159688,177176,35401,17493,37137,55609,25137,13322,5963,54425,45588,40761,10752,66965,24910,1518,6438,46723,22735,26666,18756,6112,22445,58683,86373,31888,56026,10065,54589,67999,8223,66961,10988,15517,88680,37206,8982,3539,22469
1516858501,101222,37990,119201,22096,118345,58993,69199,22334,49558,18929,40913,83251,21866,18527,15392,52103,40899,93051,53544,119339,48201,14205,83386,10536,12688,13633,39090,7896,11887,32541,15180,10718,208548,6147,31584,20922,4957,2975,54981,53908,102925,12601,10461,50270,173020,25236,3426,186397,51197,2969,21291,31348,14004,12493,16632,4056,7788,8897,4081,16104,6098,97399,56201,19846,69870,39054,11361,22623,63997,10380,28221,21411,8043,13060,1753,38419,22448,83582,89863,48076,12288,27294,159251,24922,97718,26240,11775,25575,3437,6297,158788,6543,17330,56721,11998,9702,16455,12766,11347,16021,15464,26785,130583,6823,181415,6409,101176,10322,105739,159688,177176,35401,17493,37137,55609,25137,13322,5963,54425,45588,40761,10752,66965,24910,1518,6438,46723,22735,26666,18756,6112,22445,58683,86373,31888,56026,10065,54589,67999,8223,66961,10988,15517,88680,37206,8982,3539,22469
1516858801,101222,37990,119201,22096,118345,58993,69199,22334,49558,18929,40913,83251,21866,18527,15392,52103,40899,93051,53544,119339,48201,14205,83386,10536,12688,13633,39090,7896,11887,32541,15180,10718,208548,6147,31584,20922,4957,2975,54981,53908,102925,12601,10461,50270,173020,25236,3426,186397,51197,2969,21291,31348,14004,12493,16632,4056,7788,8897,4081,16104,6098,97399,56201,19846,69870,39054,11361,22623,63997,10380,28221,21411,8043,13060,1753,38419,22448,83582,89863,48076,12288,27294,159251,24922,97718,26240,11775,25575,3437,6297,158788,6543,17330,56721,11998,9702,16455,12766,11347,16021,15464,26785,130583,6823,181415,6409,101176,10322,105739,159688,177176,35401,17493,37137,55609,25137,13322,5963,54425,45588,40761,10752,66965,24910,1518,6438,46723,22735,26666,18756,6112,22445,58683,86373,31888,56026,10065,54589,67999,8223,66961,10988,15517,88680,37206,8982,3539,22469
1516859101,101222,37990,119201,22096,118345,58993,69199,22334,49558,18929,40913,83251,21866,18527,15392,52103,40899,93051,53544,119339,48201,14205,83386,10536,12688,13633,39090,7896,11887,32541,15180,10718,208548,6147,31584,20922,4957,2975,54981,53908,102925,12601,10461,50270,173020,25236,3426,186397,51197,2969,21291,31348,14004,12493,16632,4056,7788,8897,4081,16104,6098,97399,56201,19846,69870,39054,11361,22623,63997,10380,28221,21411,8043,13060,1753,38419,22448,83582,89863,48076,12288,27294,159251,24922,97718,26240,11775,25575,3437,6297,158788,6543,17330,56721,11998,9702,16455,12766,11347,16021,15464,26785,130583,6823,181415,6409,101176,10322,105739,159688,177176,35401,17493,37137,55609,25137,13322,5963,54425,45588,40761,10752,66965,24910,1518,6438,46723,22735,26666,18756,6112,22445,58683,86373,31888,56026,10065,54589,67999,8223,66961,10988,15517,88680,37206,8982,3539,22469
1516859401,101222,37990,119201,22096,118345,58993,69199,22334,49558,18929,40913,83251,21866,18527,15392,52103,40899,93051,53544,119339,48201,14205,83386,10536,12688,13633,39090,7896,11887,32541,15180,10718,208548,6147,31584,20922,4957,2975,54981,53908,102925,12601,10461,50270,173020,25236,3426,186397,51197,2969,21291,31348,14004,12493,16632,4056,7788,8897,4081,16104,6098,97399,56201,19846,69870,39054,11361,22623,63997,10380,28221,21411,8043,13060,1753,38419,22448,83582,89863,48076,12288,27294,159251,24922,97718,26240,11775,25575,3437,6297,158788,6543,17330,56721,11998,9702,16455,12766,11347,16021,15464,26785,130583,6823,181415,6409,101176,10322,105739,159688,177176,35401,17493,37137,55609,25137,13322,5963,54425,45588,40761,10752,66965,24910,1518,6438,46723,22735,26666,18756,6112,22445,58683,86373,31888,56026,10065,54589,67999,8223,66961,10988,15517,88680,37206,8982,3539,22469
1516859701,101222,37990,119201,22096,118345,58993,69199,22334,49558,18929,40913,83251,21866,18527,15392,52103,40899,93051,53544,119339,48201,14205,83386,10536,12688,13633,39090,7896,11887,32541,15180,10718,208548,6147,31584,20922,4957,2975,54981,53908,102925,12601,10461,50270,173020,25236,3426,186397,51197,2969,21291,31348,14004,12493,16632,4056,7788,8897,4081,16104,6098,97399,56201,19846,69870,39054,11361,22623,63997,10380,28221,21411,8043,13060,1753,38419,22448,83582,89863,48076,12288,27294,159251,24922,97718,26240,11775,25575,3437,6297,158788,6543,17330,56721,11998,9702,16455,12766,11347,16021,15464,26785,130583,6823,181415,6409,101176,10322,105739,159688,177176,35401,17493,37137,55609,25137,13322,5963,54425,45588,40761,10752,66965,24910,1518,6438,46723,22735,26666,18756,6112,22445,58683,86373,31888,56026,10065,54589,67999,8223,66961,10988,15517,88680,37206,8982,3539,22469
1516860001,101222,37990,119201,22096,118345,58993,69199,22334,49558,18929,40913,83251,21866,18527,15392,52103,40899,93051,53544,119339,48201,14205,83386,10536,12688,13633,39090,7896,11887,32541,15180,10718,208548,6147,31584,20922,4957,2975,54981,53908,102925,12601,10461,50270,173020,25236,3426,186397,51197,2969,21291,31348,14004,12493,16632,4056,7788,8897,4081,16104,6098,97399,56201,19846,69870,39054,11361,22623,63997,10380,28221,21411,8043,13060,1753,38419,22448,83582,89863,48076,12288,27294,159251,24922,97718,26240,11775,25575,3437,6297,158788,6543,17330,56721,11998,9702,16455,12766,11347,16021,15464,26785,130583,6823,181415,6409,101176,10322,105739,159688,177176,35401,17493,37137,55609,25137,13322,5963,54425,45588,40761,10752,66965,24910,1518,6438,46723,22735,26666,18756,6112,22445,58683,86373,31888,56026,10065,54589,67999,8223,66961,10988,15517,88680,37206,8982,3539,22469
1516860301,101222,37990,119201,22096,118345,58993,69199,22334,49558,18929,40913,83251,21866,18527,15392,52103,40899,93051,53544,119339,48201,14205,83386,10536,12688,13633,39090,7896,11887,32541,15180,10718,208548,6147,31584,20922,4957,2975,54981,53908,102925,12601,10461,50270,173020,25236,3426,186397,51197,2969,21291,31348,14004,12493,16632,4056,7788,8897,4081,16104,6098,97399,56201,19846,69870,39054,11361,22623,63997,10380,28221,21411,8043,13060,1753,38419,22448,83582,89863,48076,12288,27294,159251,24922,97718,26240,11775,25575,3437,6297,158788,6543,17330,56721,11998,9702,16455,12766,11347,16021,15464,26785,130583,6823,181415,6409,101176,10322,105739,159688,177176,35401,17493,37137,55609,25137,13322,5963,54425,45588,40761,10752,66965,24910,1518,6438,46723,22735,26666,18756,6112,22445,58683,86373,31888,56026,10065,54589,67999,8223,66961,10988,15517,88680,37206,8982,3539,22469
1516860601,101222,37990,119201,22096,118345,58993,69199,22334,49558,18929,40913,83251,21866,18527,15392,52103,40899,93051,53544,119339,48201,14205,83386,10536,12688,13633,39090,7896,11887,32541,15180,10718,208548,6147,31584,20922,4957,2975,54981,53908,102925,12601,10461,50270,173020,25236,3426,186397,51197,2969,21291,31348,14004,12493,16632,4056,7788,8897,4081,16104,6098,97399,56201,19846,69870,39054,11361,22623,63997,10380,28221,21411,8043,13060,1753,38419,22448,83582,89863,48076,12288,27294,159251,24922,97718,26240,11775,25575,3437,6297,158788,6543,17330,56721,11998,9702,16455,12766,11347,16021,15464,26785,130583,6823,181415,6409,101176,10322,105739,159688,177176,35401,17493,37137,55609,25137,13322,5963,54425,45588,40761,10752,66965,24910,1518,6438,46723,22735,26666,18756,6112,22445,58683,86373,31888,56026,10065,54589,67999,8223,66961,10988,15517,88680,37206,8982,3539,22469
1516860901,101222,37990,119201,22096,118345,58993,69199,22334,49558,18929,40913,83251,21866,18527,15392,52103,40899,93051,53544,119339,48201,14205,83386,10536,12688,13633,39090,7896,11887,32541,15180,10718,208548,6147,31584,20922,4957,2975,54981,53908,102925,12601,10461,50270,173020,25236,3426,186397,51197,2969,21291,31348,14004,12493,16632,4056,7788,8897,4081,16104,6098,97399,56201,19846,69870,39054,11361,22623,63997,10380,28221,21411,8043,13060,1753,38419,22448,83582,89863,48076,12288,27294,159251,24922,97718,26240,11775,25575,3437,6297,158788,6543,17330,56721,11998,9702,16455,12766,11347,16021,15464,26785,130583,6823,181415,6409,101176,10322,105739,159688,177176,35401,17493,37137,55609,25137,13322,5963,54425,45588,40761,10752,66965,24910,1518,6438,46723,22735,26666,18756,6112,22445,58683,86373,31888,56026,10065,54589,67999,8223,66961,10988,15517,88680,37206,8982,3539,22469
1516861201,101222,37990,119201,22096,118345,58993,69199,22334,49558,18929,40913,83251,21866,18527,15392,52103,40899,93051,53544,119339,48201,14205,83386,10536,12688,13633,39090,7896,11887,32541,15180,10718,208548,6147,31584,20922,4957,2975,54981,53908,102925,12601,10461,50270,173020,25236,3426,186397,51197,2969,21291,31348,14004,12493,16632,4056,7788,8897,4081,16104,6098,97399,56201,19846,69870,39054,11361,22623,63997,10380,28221,21411,8043,13060,1753,38419,22448,83582,89863,48076,12288,27294,159251,24922,97718,26240,11775,25575,3437,6297,158788,6543,17330,56721,11998,9702,16455,12766,11347,16021,15464,26785,130583,6823,181415,6409,101176,10322,105739,159688,177176,35401,17493,37137,55609,25137,13322,5963,54425,45588,40761,10752,66965,24910,1518,6438,46723,22735,26666,18756,6112,22445,58683,86373,31888,56026,10065,54589,67999,8223,66961,10988,15517,88680,37206,8982,3539,22469
1516861501,101222,37990,119201,22096,118345,58993,69199,22334,49558,18929,40913,83251,21866,18527,15392,52103,40899,93051,53544,119339,48201,14205,83386,10536,12688,13633,39090,7896,11887,32541,15180,10718,208548,6147,31584,20922,4957,2975,54981,53908,102925,12601,10461,50270,173020,25236,3426,186397,51197,2969,21291,31348,14004,12493,16632,4056,7788,8897,4081,16104,6098,97399,56201,19846,69870,39054,11361,22623,63997,10380,28221,21411,8043,13060,1753,38419,22448,83582,89863,48076,12288,27294,159251,24922,97718,26240,11775,25575,3437,6297,158788,6543,17330,56721,11998,9702,16455,12766,11347,16021,15464,26785,130583,6823,181415,6409,101176,10322,105739,159688,177176,35401,17493,37137,55609,25137,13322,5963,54425,45588,40761,10752,66965,24910,1518,6438,46723,22735,26666,18756,6112,22445,58683,86373,31888,56026,10065,54589,67999,8223,66961,10988,15517,88680,37206,8982,3539,22469
1516861801,101222,37990,119201,22096,118345,58993,69199,22334,49558,18929,40913,83251,21866,18527,15392,52103,40899,93051,53544,119339,48201,14205,83386,10536,12688,13633,39090,7896,11887,32541,15180,10718,208548,6147,31584,20922,4957,2975,54981,53908,102925,12601,10461,50270,173020,25236,3426,186397,51197,2969,21291,31348,14004,12493,16632,4056,7788,8897,4081,16104,6098,97399,56201,19846,69870,39054,11361,22623,63997,10380,28221,21411,8043,13060,1753,38419,22448,83582,89863,48076,12288,27294,159251,24922,97718,26240,11775,25575,3437,6297,158788,6543,17330,56721,11998,9702,16455,12766,11347,16021,15464,26785,130583,6823,181415,6409,101176,10322,105739,159688,177176,35401,17493,37137,55609,25137,13322,5963,54425,45588,40761,10752,66965,24910,1518,6438,46723,22735,26666,18756,6112,22445,58683,86373,31888,56026,10065,54589,67999,8223,66961,10988,15517,88680,37206,8982,3539,22469
1516862101,101222,37990,119201,22096,118345,58993,69199,22334,49558,18929,40913,83251,21866,18527,15392,52103,40899,93051,53544,119339,48201,14205,83386,10536,12688,13633,39090,7896,11887,32541,15180,10718,208548,6147,31584,20922,4957,2975,54981,53908,102925,12601,10461,50270,173020,25236,3426,186397,51197,2969,21291,31348,14004,12493,16632,4056,7788,8897,4081,16104,6098,97399,56201,19846,69870,39054,11361,22623,63997,10380,28221,21411,8043,13060,1753,38419,22448,83582,89863,48076,12288,27294,159251,24922,97718,26240,11775,25575,3437,6297,158788,6543,17330,56721,11998,9702,16455,12766,11347,16021,15464,26785,130583,6823,181415,6409,101176,10322,105739,159688,177176,35401,17493,37137,55609,25137,13322,5963,54425,45588,40761,10752,66965,24910,1518,6438,46723,22735,26666,18756,6112,22445,58683,86373,31888,56026,10065,54589,67999,8223,66961,10988,15517,88680,37206,8982,3539,22469
1516862401,101222,37990,119201,22096,118345,58993,69199,22334,49558,18929,40913,83251,21866,18527,15392,52103,40899,93051,53544,119339,48201,14205,83386,10536,12688,13633,39090,7896,11887,32541,15180,10718,208548,6147,31584,20922,4957,2975,54981,53908,102925,12601,10461,50270,173020,25236,3426,186397,51197,2969,21291,31348,14004,12493,16632,4056,7788,8897,4081,16104,6098,97399,56201,19846,69870,39054,11361,22623,63997,10380,28221,21411,8043,13060,1753,38419,22448,83582,89863,48076,12288,27294,159251,24922,97718,26240,11775,25575,3437,6297,158788,6543,17330,56721,11998,9702,16455,12766,11347,16021,15464,26785,130583,6823,181415,6409,101176,10322,105739,159688,177176,35401,17493,37137,55609,25137,13322,5963,54425,45588,40761,10752,66965,24910,1518,6438,46723,22735,26666,18756,6112,22445,58683,86373,31888,56026,10065,54589,67999,8223,66961,10988,15517,88680,37206,8982,3539,22469
1516862701,101222,37990,119201,22096,118345,58993,69199,22334,49558,18929,40913,83251,21866,18527,15392,52103,40899,93051,53544,119339,48201,14205,83386,10536,12688,13633,39090,7896,11887,32541,15180,10718,208548,6147,31584,20922,4957,2975,54981,53908,102925,12601,10461,50270,173020,25236,3426,186397,51197,2969,21291,31348,14004,12493,16632,4056,7788,8897,4081,16104,6098,97399,56201,19846,69870,39054,11361,22623,63997,10380,28221,21411,8043,13060,1753,38419,22448,83582,89863,48076,12288,27294,159251,24922,97718,26240,11775,25575,3437,6297,158788,6543,17330,56721,11998,9702,16455,12766,11347,16021,15464,26785,130583,6823,181415,6409,101176,10322,105739,159688,177176,35401,17493,37137,55609,25137,13322,5963,54425,45588,40761,10752,66965,24910,1518,6438,46723,22735,26666,18756,6112,22445,58683,86373,31888,56026,10065,54589,67999,8223,66961,10988,15517,88680,37206,8982,3539,22469
1516863001,101222,37990,119201,22096,118345,58993,69199,22334,49558,18929,40913,83251,21866,18527,15392,52103,40899,93051,53544,119339,48201,14205,83386,10536,12688,13633,39090,7896,11887,32541,15180,10718,208548,6147,31584,20922,4957,2975,54981,53908,102925,12601,10461,50270,173020,25236,3426,186397,51197,2969,21291,31348,14004,12493,16632,4056,7788,8897,4081,16104,6098,97399,56201,19846,69870,39054,11361,22623,63997,10380,28221,21411,8043,13060,1753,38419,22448,83582,89863,48076,12288,27294,159251,24922,97718,26240,11775,25575,3437,6297,158788,6543,17330,56721,11998,9702,16455,12766,11347,16021,15464,26785,130583,6823,181415,6409,101176,10322,105739,159688,177176,35401,17493,37137,55609,25137,13322,5963,54425,45588,40761,10752,66965,24910,1518,6438,46723,22735,26666,18756,6112,22445,58683,86373,31888,56026,10065,54589,67999,8223,66961,10988,15517,88680,37206,8982,3539,22469
1516863301,101222,37990,119201,22096,118345,58993,69199,22334,49558,18929,40913,83251,21866,18527,15392,52103,40899,93051,53544,119339,48201,14205,83386,10536,12688,13633,39090,7896,11887,32541,15180,10718,208548,6147,31584,20922,4957,2975,54981,53908,102925,12601,10461,50270,173020,25236,3426,186397,51197,2969,21291,31348,14004,12493,16632,4056,7788,8897,4081,16104,6098,97399,56201,19846,69870,39054,11361,22623,63997,10380,28221,21411,8043,13060,1753,38419,22448,83582,89863,48076,12288,27294,159251,24922,97718,26240,11775,25575,3437,6297,158788,6543,17330,56721,11998,9702,16455,12766,11347,16021,15464,26785,130583,6823,181415,6409,101176,10322,105739,159688,177176,35401,17493,37137,55609,25137,13322,5963,54425,45588,40761,10752,66965,24910,1518,6438,46723,22735,26666,18756,6112,22445,58683,86373,31888,56026,10065,54589,67999,8223,66961,10988,15517,88680,37206,8982,3539,22469
1516863601,101222,37990,119201,22096,118345,58993,69199,22334,49558,18929,40913,83251,21866,18527,15392,52103,40899,93051,53544,119339,48201,14205,83386,10536,12688,13633,39090,7896,11887,32541,15180,10718,208548,6147,31584,20922,4957,2975,54981,53908,102925,12601,10461,50270,173020,25236,3426,186397,51197,2969,21291,31348,14004,12493,16632,4056,7788,8897,4081,16104,6098,97399,56201,19846,69870,39054,11361,22623,63997,10380,28221,21411,8043,13060,1753,38419,22448,83582,89863,48076,12288,27294,159251,24922,97718,26240,11775,25575,3437,6297,158788,6543,17330,56721,11998,9702,16455,12766,11347,16021,15464,26785,130583,6823,181415,6409,101176,10322,105739,159688,177176,35401,17493,37137,55609,25137,13322,5963,54425,45588,40761,10752,66965,24910,1518,6438,46723,22735,26666,18756,6112,22445,58683,86373,31888,56026,10065,54589,67999,8223,66961,10988,15517,88680,37206,8982,3539,22469
1516863901,101222,37990,119201,22096,118345,58993,69199,22334,49558,18929,40913,83251,21866,18527,15392,52103,40899,93051,53544,119339,48201,14205,83386,10536,12688,13633,39090,7896,11887,32541,15180,10718,208548,6147,31584,20922,4957,2975,54981,53908,102925,12601,10461,50270,173020,25236,3426,186397,51197,2969,21291,31348,14004,12493,16632,4056,7788,8897,4081,16104,6098,97399,56201,19846,69870,39054,11361,22623,63997,10380,28221,21411,8043,13060,1753,38419,22448,83582,89863,48076,12288,27294,159251,24922,97718,26240,11775,25575,3437,6297,158788,6543,17330,56721,11998,9702,16455,12766,11347,16021,15464,26785,130583,6823,181415,6409,101176,10322,105739,159688,177176,35401,17493,37137,55609,25137,13322,5963,54425,45588,40761,10752,66965,24910,1518,6438,46723,22735,26666,18756,6112,22445,58683,86373,31888,56026,10065,54589,67999,8223,66961,10988,15517,88680,37206,8982,3539,22469
1516864201,101222,37990,119201,22096,118345,58993,69199,22334,49558,18929,40913,83251,21866,18527,15392,52103,40899,93051,53544,119339,48201,14205,83386,10536,12688,13633,39090,7896,11887,32541,15180,10718,208548,6147,31584,20922,4957,2975,54981,53908,102925,12601,10461,50270,173020,25236,3426,186397,51197,2969,21291,31348,14004,12493,16632,4056,7788,8897,4081,16104,6098,97399,56201,19846,69870,39054,11361,22623,63997,10380,28221,21411,8043,13060,1753,38419,22448,83582,89863,48076,12288,27294,159251,24922,97718,26240,11775,25575,3437,6297,158788,6543,17330,56721,11998,9702,16455,12766,11347,16021,15464,26785,130583,6823,181415,6409,101176,10322,105739,159688,177176,35401,17493,37137,55609,25137,13322,5963,54425,45588,40761,10752,66965,24910,1518,6438,46723,22735,26666,18756,6112,22445,58683,86373,31888,56026,10065,54589,67999,8223,66961,10988,15517,88680,37206,8982,3539,22469
1516864501,101222,37990,119201,22096,118345,58993,69199,22334,49558,18929,40913,83251,21866,18527,15392,52103,40899,93051,53544,119339,48201,14205,83386,10536,12688,13633,39090,7896,11887,32541,15180,10718,208548,6147,31584,20922,4957,2975,54981,53908,102925,12601,10461,50270,173020,25236,3426,186397,51197,2969,21291,31348,14004,12493,16632,4056,7788,8897,4081,16104,6098,97399,56201,19846,69870,39054,11361,22623,63997,10380,28221,21411,8043,13060,1753,38419,22448,83582,89863,48076,12288,27294,159251,24922,97718,26240,11775,25575,3437,6297,158788,6543,17330,56721,11998,9702,16455,12766,11347,16021,15464,26785,130583,6823,181415,6409,101176,10322,105739,159688,177176,35401,17493,37137,55609,25137,13322,5963,54425,45588,40761,10752,66965,24910,1518,6438,46723,22735,26666,18756,6112,22445,58683,86373,31888,56026,10065,54589,67999,8223,66961,10988,15517,88680,37206,8982,3539,22469
1516864801,101222,37990,119201,22096,118345,58993,69199,22334,49558,18929,40913,83251,21866,18527,15392,52103,40899,93051,53544,119339,48201,14205,83386,10536,12688,13633,39090,7896,11887,32541,15180,10718,208548,6147,31584,20922,4957,2975,54981,53908,102925,12601,10461,50270,173020,25236,3426,186397,51197,2969,21291,31348,14004,12493,16632,4056,7788,8897,4081,16104,6098,97399,56201,19846,69870,39054,11361,22623,63997,10380,28221,21411,8043,13060,1753,38419,22448,83582,89863,48076,12288,27294,159251,24922,97718,26240,11775,25575,3437,6297,158788,6543,17330,56721,11998,9702,16455,12766,11347,16021,15464,26785,130583,6823,181415,6409,101176,10322,105739,159688,177176,35401,17493,37137,55609,25137,13322,5963,54425,45588,40761,10752,66965,24910,1518,6438,46723,22735,26666,18756,6112,22445,58683,86373,31888,56026,10065,54589,67999,8223,66961,10988,15517,88680,37206,8982,3539,22469
1516865101,101222,37990,119201,22096,118345,58993,69199,22334,49558,18929,40913,83251,21866,18527,15392,52103,40899,93051,53544,119339,48201,14205,83386,10536,12688,13633,39090,7896,11887,32541,15180,10718,208548,6147,31584,20922,4957,2975,54981,53908,102925,12601,10461,50270,173020,25236,3426,186397,51197,2969,21291,31348,14004,12493,16632,4056,7788,8897,4081,16104,6098,97399,56201,19846,69870,39054,11361,22623,63997,10380,28221,21411,8043,13060,1753,38419,22448,83582,89863,48076,12288,27294,159251,24922,97718,26240,11775,25575,3437,6297,158788,6543,17330,56721,11998,9702,16455,12766,11347,16021,15464,26785,130583,6823,181415,6409,101176,10322,105739,159688,177176,35401,17493,37137,55609,25137,13322,5963,54425,45588,40761,10752,66965,24910,1518,6438,46723,22735,26666,18756,6112,22445,58683,86373,31888,56026,10065,54589,67999,8223,66961,10988,15517,88680,37206,8982,3539,22469
1516865401,101222,37990,119201,22096,118345,58993,69199,22334,49558,18929,40913,83251,21866,18527,15392,52103,40899,93051,53544,119339,48201,14205,83386,10536,12688,13633,39090,7896,11887,32541,15180,10718,208548,6147,31584,20922,4957,2975,54981,53908,102925,12601,10461,50270,173020,25236,3426,186397,51197,2969,21291,31348,14004,12493,16632,4056,7788,8897,4081,16104,6098,97399,56201,19846,69870,39054,11361,22623,63997,10380,28221,21411,8043,13060,1753,38419,22448,83582,89863,48076,12288,27294,159251,24922,97718,26240,11775,25575,3437,6297,158788,6543,17330,56721,11998,9702,16455,12766,11347,16021,15464,26785,130583,6823,181415,6409,101176,10322,105739,159688,177176,35401,17493,37137,55609,25137,13322,5963,54425,45588,40761,10752,66965,24910,1518,6438,46723,22735,26666,18756,6112,22445,58683,86373,31888,56026,10065,54589,67999,8223,66961,10988,15517,88680,37206,8982,3539,22469
1516865701,101222,37990,119201,22096,118345,58993,69199,22334,49558,18929,40913,83251,21866,18527,15392,52103,40899,93051,53544,119339,48201,14205,83386,10536,12688,13633,39090,7896,11887,32541,15180,10718,208548,6147,31584,20922,4957,2975,54981,53908,102925,12601,10461,50270,173020,25236,3426,186397,51197,2969,21291,31348,14004,12493,16632,4056,7788,8897,4081,16104,6098,97399,56201,19846,69870,39054,11361,22623,63997,10380,28221,21411,8043,13060,1753,38419,22448,83582,89863,48076,12288,27294,159251,24922,97718,26240,11775,25575,3437,6297,158788,6543,17330,56721,11998,9702,16455,12766,11347,16021,15464,26785,130583,6823,181415,6409,101176,10322,105739,159688,177176,35401,17493,37137,55609,25137,13322,5963,54425,45588,40761,10752,66965,24910,1518,6438,46723,22735,26666,18756,6112,22445,58683,86373,31888,56026,10065,54589,67999,8223,66961,10988,15517,88680,37206,8982,3539,22469
1516866001,101222,37990,119201,22096,118345,58993,69199,22334,49558,18929,40913,83251,21866,18527,15392,52103,40899,93051,53544,119339,48201,14205,83386,10536,12688,13633,39090,7896,11887,32541,15180,10718,208548,6147,31584,20922,4957,2975,54981,53908,102925,12601,10461,50270,173020,25236,3426,186397,51197,2969,21291,31348,14004,12493,16632,4056,7788,8897,4081,16104,6098,97399,56201,19846,69870,39054,11361,22623,63997,10380,28221,21411,8043,13060,1753,38419,22448,83582,89863,48076,12288,27294,159251,24922,97718,26240,11775,25575,3437,6297,158788,6543,17330,56721,11998,9702,16455,12766,11347,16021,15464,26785,130583,6823,181415,6409,101176,10322,105739,159688,177176,35401,17493,37137,55609,25137,13322,5963,54425,45588,40761,10752,66965,24910,1518,6438,46723,22735,26666,18756,6112,22445,58683,86373,31888,56026,10065,54589,67999,8223,66961,10988,15517,88680,37206,8982,3539,22469
1516866301,101222,37990,119201,22096,118345,58993,69199,22334,49558,18929,40913,83251,21866,18527,15392,52103,40899,93051,53544,119339,48201,14205,83386,10536,12688,13633,39090,7896,11887,32541,15180,10718,208548,6147,31584,20922,4957,2975,54981,53908,102925,12601,10461,50270,173020,25236,3426,186397,51197,2969,21291,31348,14004,12493,16632,4056,7788,8897,4081,16104,6098,97399,56201,19846,69870,39054,11361,22623,63997,10380,28221,21411,8043,13060,1753,38419,22448,83582,89863,48076,12288,27294,159251,24922,97718,26240,11775,25575,3437,6297,158788,6543,17330,56721,11998,9702,16455,12766,11347,16021,15464,26785,130583,6823,181415,6409,101176,10322,105739,159688,177176,35401,17493,37137,55609,25137,13322,5963,54425,45588,40761,10752,66965,24910,1518,6438,46723,22735,26666,18756,6112,22445,58683,86373,31888,56026,10065,54589,67999,8223,66961,10988,15517,88680,37206,8982,3539,22469
1516866601,101222,37990,119201,22096,118345,58993,69199,22334,49558,18929,40913,83251,21866,18527,15392,52103,40899,93051,53544,119339,48201,14205,83386,10536,12688,13633,39090,7896,11887,32541,15180,10718,208548,6147,31584,20922,4957,2975,54981,53908,102925,12601,10461,50270,173020,25236,3426,186397,51197,2969,21291,31348,14004,12493,16632,4056,7788,8897,4081,16104,6098,97399,56201,19846,69870,39054,11361,22623,63997,10380,28221,21411,8043,13060,1753,38419,22448,83582,89863,48076,12288,27294,159251,24922,97718,26240,11775,25575,3437,6297,158788,6543,17330,56721,11998,9702,16455,12766,11347,16021,15464,26785,130583,6823,181415,6409,101176,10322,105739,159688,177176,35401,17493,37137,55609,25137,13322,5963,54425,45588,40761,10752,66965,24910,1518,6438,46723,22735,26666,18756,6112,22445,58683,86373,31888,56026,10065,54589,67999,8223,66961,10988,15517,88680,37206,8982,3539,22469
1516866901,101222,37990,119201,22096,118345,58993,69199,22334,49558,18929,40913,83251,21866,18527,15392,52103,40899,93051,53544,119339,48201,14205,83386,10536,12688,13633,39090,7896,11887,32541,15180,10718,208548,6147,31584,20922,4957,2975,54981,53908,102925,12601,10461,50270,173020,25236,3426,186397,51197,2969,21291,31348,14004,12493,16632,4056,7788,8897,4081,16104,6098,97399,56201,19846,69870,39054,11361,22623,63997,10380,28221,21411,8043,13060,1753,38419,22448,83582,89863,48076,12288,27294,159251,24922,97718,26240,11775,25575,3437,6297,158788,6543,17330,56721,11998,9702,16455,12766,11347,16021,15464,26785,130583,6823,181415,6409,101176,10322,105739,159688,177176,35401,17493,37137,55609,25137,13322,5963,54425,45588,40761,10752,66965,24910,1518,6438,46723,22735,26666,18756,6112,22445,58683,86373,31888,56026,10065,54589,67999,8223,66961,10988,15517,88680,37206,8982,3539,22469
1516867201,101222,37990,119201,22096,118345,58993,69199,22334,49558,18929,40913,83251,21866,18527,15392,52103,40899,93051,53544,119339,48201,14205,83386,10536,12688,13633,39090,7896,11887,32541,15180,10718,208548,6147,31584,20922,4957,2975,54981,53908,102925,12601,10461,50270,173020,25236,3426,186397,51197,2969,21291,31348,14004,12493,16632,4056,7788,8897,4081,16104,6098,97399,56201,19846,69870,39054,11361,22623,63997,10380,28221,21411,8043,13060,1753,38419,22448,83582,89863,48076,12288,27294,159251,24922,97718,26240,11775,25575,3437,6297,158788,6543,17330,56721,11998,9702,16455,12766,11347,16021,15464,26785,130583,6823,181415,6409,101176,10322,105739,159688,177176,35401,17493,37137,55609,25137,13322,5963,54425,45588,40761,10752,66965,24910,1518,6438,46723,22735,26666,18756,6112,22445,58683,86373,31888,56026,10065,54589,67999,8223,66961,10988,15517,88680,37206,8982,3539,22469
1516867501,101222,37990,119201,22096,118345,58993,69199,22334,49558,18929,40913,83251,21866,18527,15392,52103,40899,93051,53544,119339,48201,14205,83386,10536,12688,13633,39090,7896,11887,32541,15180,10718,208548,6147,31584,20922,4957,2975,54981,53908,102925,12601,10461,50270,173020,25236,3426,186397,51197,2969,21291,31348,14004,12493,16632,4056,7788,8897,4081,16104,6098,97399,56201,19846,69870,39054,11361,22623,63997,10380,28221,21411,8043,13060,1753,38419,22448,83582,89863,48076,12288,27294,159251,24922,97718,26240,11775,25575,3437,6297,158788,6543,17330,56721,11998,9702,16455,12766,11347,16021,15464,26785,130583,6823,181415,6409,101176,10322,105739,159688,177176,35401,17493,37137,55609,25137,13322,5963,54425,45588,40761,10752,66965,24910,1518,6438,46723,22735,26666,18756,6112,22445,58683,86373,31888,56026,10065,54589,67999,8223,66961,10988,15517,88680,37206,8982,3539,22469
1516867801,101222,37990,119201,22096,118345,58993,69199,22334,49558,18929,40913,83251,21866,18527,15392,52103,40899,93051,53544,119339,48201,14205,83386,10536,12688,13633,39090,7896,11887,32541,15180,10718,208548,6147,31584,20922,4957,2975,54981,53908,102925,12601,10461,50270,173020,25236,3426,186397,51197,2969,21291,31348,14004,12493,16632,4056,7788,8897,4081,16104,6098,97399,56201,19846,69870,39054,11361,22623,63997,10380,28221,21411,8043,13060,1753,38419,22448,83582,89863,48076,12288,27294,159251,24922,97718,26240,11775,25575,3437,6297,158788,6543,17330,56721,11998,9702,16455,12766,11347,16021,15464,26785,130583,6823,181415,6409,101176,10322,105739,159688,177176,35401,17493,37137,55609,25137,13322,5963,54425,45588,40761,10752,66965,24910,1518,6438,46723,22735,26666,18756,6112,22445,58683,86373,31888,56026,10065,54589,67999,8223,66961,10988,15517,88680,37206,8982,3539,22469
1516868101,101222,37990,119201,22096,118345,58993,69199,22334,49558,18929,40913,83251,21866,18527,15392,52103,40899,93051,53544,119339,48201,14205,83386,10536,12688,13633,39090,7896,11887,32541,15180,10718,208548,6147,31584,20922,4957,2975,54981,53908,102925,12601,10461,50270,173020,25236,3426,186397,51197,2969,21291,31348,14004,12493,16632,4056,7788,8897,4081,16104,6098,97399,56201,19846,69870,39054,11361,22623,63997,10380,28221,21411,8043,13060,1753,38419,22448,83582,89863,48076,12288,27294,159251,24922,97718,26240,11775,25575,3437,6297,158788,6543,17330,56721,11998,9702,16455,12766,11347,16021,15464,26785,130583,6823,181415,6409,101176,10322,105739,159688,177176,35401,17493,37137,55609,25137,13322,5963,54425,45588,40761,10752,66965,24910,1518,6438,46723,22735,26666,18756,6112,22445,58683,86373,31888,56026,10065,54589,67999,8223,66961,10988,15517,88680,37206,8982,3539,22469
1516868401,101222,37990,119201,22096,118345,58993,69199,22334,49558,18929,40913,83251,21866,18527,15392,52103,40899,93051,53544,119339,48201,14205,83386,10536,12688,13633,39090,7896,11887,32541,15180,10718,208548,6147,31584,20922,4957,2975,54981,53908,102925,12601,10461,50270,173020,25236,3426,186397,51197,2969,21291,31348,14004,12493,16632,4056,7788,8897,4081,16104,6098,97399,56201,19846,69870,39054,11361,22623,63997,10380,28221,21411,8043,13060,1753,38419,22448,83582,89863,48076,12288,27294,159251,24922,97718,26240,11775,25575,3437,6297,158788,6543,17330,56721,11998,9702,16455,12766,11347,16021,15464,26785,130583,6823,181415,6409,101176,10322,105739,159688,177176,35401,17493,37137,55609,25137,13322,5963,54425,45588,40761,10752,66965,24910,1518,6438,46723,22735,26666,18756,6112,22445,58683,86373,31888,56026,10065,54589,67999,8223,66961,10988,15517,88680,37206,8982,3539,22469
1516868701,101222,37990,119201,22096,118345,58993,69199,22334,49558,18929,40913,83251,21866,18527,15392,52103,40899,93051,53544,119339,48201,14205,83386,10536,12688,13633,39090,7896,11887,32541,15180,10718,208548,6147,31584,20922,4957,2975,54981,53908,102925,12601,10461,50270,173020,25236,3426,186397,51197,2969,21291,31348,14004,12493,16632,4056,7788,8897,4081,16104,6098,97399,56201,19846,69870,39054,11361,22623,63997,10380,28221,21411,8043,13060,1753,38419,22448,83582,89863,48076,12288,27294,159251,24922,97718,26240,11775,25575,3437,6297,158788,6543,17330,56721,11998,9702,16455,12766,11347,16021,15464,26785,130583,6823,181415,6409,101176,10322,105739,159688,177176,35401,17493,37137,55609,25137,13322,5963,54425,45588,40761,10752,66965,24910,1518,6438,46723,22735,26666,18756,6112,22445,58683,86373,31888,56026,10065,54589,67999,8223,66961,10988,15517,88680,37206,8982,3539,22469
1516869001,101222,37990,119201,22096,118345,58993,69199,22334,49558,18929,40913,83251,21866,18527,15392,52103,40899,93051,53544,119339,48201,14205,83386,10536,12688,13633,39090,7896,11887,32541,15180,10718,208548,6147,31584,20922,4957,2975,54981,53908,102925,12601,10461,50270,173020,25236,3426,186397,51197,2969,21291,31348,14004,12493,16632,4056,7788,8897,4081,16104,6098,97399,56201,19846,69870,39054,11361,22623,63997,10380,28221,21411,8043,13060,1753,38419,22448,83582,89863,48076,12288,27294,159251,24922,97718,26240,11775,25575,3437,6297,158788,6543,17330,56721,11998,9702,16455,12766,11347,16021,15464,26785,130583,6823,181415,6409,101176,10322,105739,159688,177176,35401,17493,37137,55609,25137,13322,5963,54425,45588,40761,10752,66965,24910,1518,6438,46723,22735,26666,18756,6112,22445,58683,86373,31888,56026,10065,54589,67999,8223,66961,10988,15517,88680,37206,8982,3539,22469
1516869301,101222,37990,119201,22096,118345,58993,69199,22334,49558,18929,40913,83251,21866,18527,15392,52103,40899,93051,53544,119339,48201,14205,83386,10536,12688,13633,39090,7896,11887,32541,15180,10718,208548,6147,31584,20922,4957,2975,54981,53908,102925,12601,10461,50270,173020,25236,3426,186397,51197,2969,21291,31348,14004,12493,16632,4056,7788,8897,4081,16104,6098,97399,56201,19846,69870,39054,11361,22623,63997,10380,28221,21411,8043,13060,1753,38419,22448,83582,89863,48076,12288,27294,159251,24922,97718,26240,11775,25575,3437,6297,158788,6543,17330,56721,11998,9702,16455,12766,11347,16021,15464,26785,130583,6823,181415,6409,101176,10322,105739,159688,177176,35401,17493,37137,55609,25137,13322,5963,54425,45588,40761,10752,66965,24910,1518,6438,46723,22735,26666,18756,6112,22445,58683,86373,31888,56026,10065,54589,67999,8223,66961,10988,15517,88680,37206,8982,3539,22469
1516869601,101222,37990,119201,22096,118345,58993,69199,22334,49558,18929,40913,83251,21866,18527,15392,52103,40899,93051,53544,119339,48201,14205,83386,10536,12688,13633,39090,7896,11887,32541,15180,10718,208548,6147,31584,20922,4957,2975,54981,53908,102925,12601,10461,50270,173020,25236,3426,186397,51197,2969,21291,31348,14004,12493,16632,4056,7788,8897,4081,16104,6098,97399,56201,19846,69870,39054,11361,22623,63997,10380,28221,21411,8043,13060,1753,38419,22448,83582,89863,48076,12288,27294,159251,24922,97718,26240,11775,25575,3437,6297,158788,6543,17330,56721,11998,9702,16455,12766,11347,16021,15464,26785,130583,6823,181415,6409,101176,10322,105739,159688,177176,35401,17493,37137,55609,25137,13322,5963,54425,45588,40761,10752,66965,24910,1518,6438,46723,22735,26666,18756,6112,22445,58683,86373,31888,56026,10065,54589,67999,8223,66961,10988,15517,88680,37206,8982,3539,22469
1516869901,101222,37990,119201,22096,118345,58993,69199,22334,49558,18929,40913,83251,21866,18527,15392,52103,40899,93051,53544,119339,48201,14205,83386,10536,12688,13633,39090,7896,11887,32541,15180,10718,208548,6147,31584,20922,4957,2975,54981,53908,102925,12601,10461,50270,173020,25236,3426,186397,51197,2969,21291,31348,14004,12493,16632,4056,7788,8897,4081,16104,6098,97399,56201,19846,69870,39054,11361,22623,63997,10380,28221,21411,8043,13060,1753,38419,22448,83582,89863,48076,12288,27294,159251,24922,97718,26240,11775,25575,3437,6297,158788,6543,17330,56721,11998,9702,16455,12766,11347,16021,15464,26785,130583,6823,181415,6409,101176,10322,105739,159688,177176,35401,17493,37137,55609,25137,13322,5963,54425,45588,40761,10752,66965,24910,1518,6438,46723,22735,26666,18756,6112,22445,58683,86373,31888,56026,10065,54589,67999,8223,66961,10988,15517,88680,37206,8982,3539,22469
1516870201,101222,37990,119201,22096,118345,58993,69199,22334,49558,18929,40913,83251,21866,18527,15392,52103,40899,93051,53544,119339,48201,14205,83386,10536,12688,13633,39090,7896,11887,32541,15180,10718,208548,6147,31584,20922,4957,2975,54981,53908,102925,12601,10461,50270,173020,25236,3426,186397,51197,2969,21291,31348,14004,12493,16632,4056,7788,8897,4081,16104,6098,97399,56201,19846,69870,39054,11361,22623,63997,10380,28221,21411,8043,13060,1753,38419,22448,83582,89863,48076,12288,27294,159251,24922,97718,26240,11775,25575,3437,6297,158788,6543,17330,56721,11998,9702,16455,12766,11347,16021,15464,26785,130583,6823,181415,6409,101176,10322,105739,159688,177176,35401,17493,37137,55609,25137,13322,5963,54425,45588,40761,10752,66965,24910,1518,6438,46723,22735,26666,18756,6112,22445,58683,86373,31888,56026,10065,54589,67999,8223,66961,10988,15517,88680,37206,8982,3539,22469
1516870501,101222,37990,119201,22096,118345,58993,69199,22334,49558,18929,40913,83251,21866,18527,15392,52103,40899,93051,53544,119339,48201,14205,83386,10536,12688,13633,39090,7896,11887,32541,15180,10718,208548,6147,31584,20922,4957,2975,54981,53908,102925,12601,10461,50270,173020,25236,3426,186397,51197,2969,21291,31348,14004,12493,16632,4056,7788,8897,4081,16104,6098,97399,56201,19846,69870,39054,11361,22623,63997,10380,28221,21411,8043,13060,1753,38419,22448,83582,89863,48076,12288,27294,159251,24922,97718,26240,11775,25575,3437,6297,158788,6543,17330,56721,11998,9702,16455,12766,11347,16021,15464,26785,130583,6823,181415,6409,101176,10322,105739,159688,177176,35401,17493,37137,55609,25137,13322,5963,54425,45588,40761,10752,66965,24910,1518,6438,46723,22735,26666,18756,6112,22445,58683,86373,31888,56026,10065,54589,67999,8223,66961,10988,15517,88680,37206,8982,3539,22469
1516870801,101222,37990,119201,22096,118345,58993,69199,22334,49558,18929,40913,83251,21866,18527,15392,52103,40899,93051,53544,119339,48201,14205,83386,10536,12688,13633,39090,7896,11887,32541,15180,10718,208548,6147,31584,20922,4957,2975,54981,53908,102925,12601,10461,50270,173020,25236,3426,186397,51197,2969,21291,31348,14004,12493,16632,4056,7788,8897,4081,16104,6098,97399,56201,19846,69870,39054,11361,22623,63997,10380,28221,21411,8043,13060,1753,38419,22448,83582,89863,48076,12288,27294,159251,24922,97718,26240,11775,25575,3437,6297,158788,6543,17330,56721,11998,9702,16455,12766,11347,16021,15464,26785,130583,6823,181415,6409,101176,10322,105739,159688,177176,35401,17493,37137,55609,25137,13322,5963,54425,45588,40761,10752,66965,24910,1518,6438,46723,22735,26666,18756,6112,22445,58683,86373,31888,56026,10065,54589,67999,8223,66961,10988,15517,88680,37206,8982,3539,22469
1516871101,101222,37990,119201,22096,118345,58993,69199,22334,49558,18929,40913,83251,21866,18527,15392,52103,40899,93051,53544,119339,48201,14205,83386,10536,12688,13633,39090,7896,11887,32541,15180,10718,208548,6147,31584,20922,4957,2975,54981,53908,102925,12601,10461,50270,173020,25236,3426,186397,51197,2969,21291,31348,14004,12493,16632,4056,7788,8897,4081,16104,6098,97399,56201,19846,69870,39054,11361,22623,63997,10380,28221,21411,8043,13060,1753,38419,22448,83582,89863,48076,12288,27294,159251,24922,97718,26240,11775,25575,3437,6297,158788,6543,17330,56721,11998,9702,16455,12766,11347,16021,15464,26785,130583,6823,181415,6409,101176,10322,105739,159688,177176,35401,17493,37137,55609,25137,13322,5963,54425,45588,40761,10752,66965,24910,1518,6438,46723,22735,26666,18756,6112,22445,58683,86373,31888,56026,10065,54589,67999,8223,66961,10988,15517,88680,37206,8982,3539,22469
1516871401,101222,37990,119201,22096,118345,58993,69199,22334,49558,18929,40913,83251,21866,18527,15392,52103,40899,93051,53544,119339,48201,14205,83386,10536,12688,13633,39090,7896,11887,32541,15180,10718,208548,6147,31584,20922,4957,2975,54981,53908,102925,12601,10461,50270,173020,25236,3426,186397,51197,2969,21291,31348,14004,12493,16632,4056,7788,8897,4081,16104,6098,97399,56201,19846,69870,39054,11361,22623,63997,10380,28221,21411,8043,13060,1753,38419,22448,83582,89863,48076,12288,27294,159251,24922,97718,26240,11775,25575,3437,6297,158788,6543,17330,56721,11998,9702,16455,12766,11347,16021,15464,26785,130583,6823,181415,6409,101176,10322,105739,159688,177176,35401,17493,37137,55609,25137,13322,5963,54425,45588,40761,10752,66965,24910,1518,6438,46723,22735,26666,18756,6112,22445,58683,86373,31888,56026,10065,54589,67999,8223,66961,10988,15517,88680,37206,8982,3539,22469
1516871701,101222,37990,119201,22096,118345,58993,69199,22334,49558,18929,40913,83251,21866,18527,15392,52103,40899,93051,53544,119339,48201,14205,83386,10536,12688,13633,39090,7896,11887,32541,15180,10718,208548,6147,31584,20922,4957,2975,54981,53908,102925,12601,10461,50270,173020,25236,3426,186397,51197,2969,21291,31348,14004,12493,16632,4056,7788,8897,4081,16104,6098,97399,56201,19846,69870,39054,11361,22623,63997,10380,28221,21411,8043,13060,1753,38419,22448,83582,89863,48076,12288,27294,159251,24922,97718,26240,11775,25575,3437,6297,158788,6543,17330,56721,11998,9702,16455,12766,11347,16021,15464,26785,130583,6823,181415,6409,101176,10322,105739,159688,177176,35401,17493,37137,55609,25137,13322,5963,54425,45588,40761,10752,66965,24910,1518,6438,46723,22735,26666,18756,6112,22445,58683,86373,31888,56026,10065,54589,67999,8223,66961,10988,15517,88680,37206,8982,3539,22469
1516872001,101222,37990,119201,22096,118345,58993,69199,22334,49558,18929,40913,83251,21866,18527,15392,52103,40899,93051,53544,119339,48201,14205,83386,10536,12688,13633,39090,7896,11887,32541,15180,10718,208548,6147,31584,20922,4957,2975,54981,53908,102925,12601,10461,50270,173020,25236,3426,186397,51197,2969,21291,31348,14004,12493,16632,4056,7788,8897,4081,16104,6098,97399,56201,19846,69870,39054,11361,22623,63997,10380,28221,21411,8043,13060,1753,38419,22448,83582,89863,48076,12288,27294,159251,24922,97718,26240,11775,25575,3437,6297,158788,6543,17330,56721,11998,9702,16455,12766,11347,16021,15464,26785,130583,6823,181415,6409,101176,10322,105739,159688,177176,35401,17493,37137,55609,25137,13322,5963,54425,45588,40761,10752,66965,24910,1518,6438,46723,22735,26666,18756,6112,22445,58683,86373,31888,56026,10065,54589,67999,8223,66961,10988,15517,88680,37206,8982,3539,22469
1516872301,101222,37990,119201,22096,118345,58993,69199,22334,49558,18929,40913,83251,21866,18527,15392,52103,40899,93051,53544,119339,48201,14205,83386,10536,12688,13633,39090,7896,11887,32541,15180,10718,208548,6147,31584,20922,4957,2975,54981,53908,102925,12601,10461,50270,173020,25236,3426,186397,51197,2969,21291,31348,14004,12493,16632,4056,7788,8897,4081,16104,6098,97399,56201,19846,69870,39054,11361,22623,63997,10380,28221,21411,8043,13060,1753,38419,22448,83582,89863,48076,12288,27294,159251,24922,97718,26240,11775,25575,3437,6297,158788,6543,17330,56721,11998,9702,16455,12766,11347,16021,15464,26785,130583,6823,181415,6409,101176,10322,105739,159688,177176,35401,17493,37137,55609,25137,13322,5963,54425,45588,40761,10752,66965,24910,1518,6438,46723,22735,26666,18756,6112,22445,58683,86373,31888,56026,10065,54589,67999,8223,66961,10988,15517,88680,37206,8982,3539,22469
1516872601,101222,37990,119201,22096,118345,58993,69199,22334,49558,18929,40913,83251,21866,18527,15392,52103,40899,93051,53544,119339,48201,14205,83386,10536,12688,13633,39090,7896,11887,32541,15180,10718,208548,6147,31584,20922,4957,2975,54981,53908,102925,12601,10461,50270,173020,25236,3426,186397,51197,2969,21291,31348,14004,12493,16632,4056,7788,8897,4081,16104,6098,97399,56201,19846,69870,39054,11361,22623,63997,10380,28221,21411,8043,13060,1753,38419,22448,83582,89863,48076,12288,27294,159251,24922,97718,26240,11775,25575,3437,6297,158788,6543,17330,56721,11998,9702,16455,12766,11347,16021,15464,26785,130583,6823,181415,6409,101176,10322,105739,159688,177176,35401,17493,37137,55609,25137,13322,5963,54425,45588,40761,10752,66965,24910,1518,6438,46723,22735,26666,18756,6112,22445,58683,86373,31888,56026,10065,54589,67999,8223,66961,10988,15517,88680,37206,8982,3539,22469
1516872901,101222,37990,119201,22096,118345,58993,69199,22334,49558,18929,40913,83251,21866,18527,15392,52103,40899,93051,53544,119339,48201,14205,83386,10536,12688,13633,39090,7896,11887,32541,15180,10718,208548,6147,31584,20922,4957,2975,54981,53908,102925,12601,10461,50270,173020,25236,3426,186397,51197,2969,21291,31348,14004,12493,16632,4056,7788,8897,4081,16104,6098,97399,56201,19846,69870,39054,11361,22623,63997,10380,28221,21411,8043,13060,1753,38419,22448,83582,89863,48076,12288,27294,159251,24922,97718,26240,11775,25575,3437,6297,158788,6543,17330,56721,11998,9702,16455,12766,11347,16021,15464,26785,130583,6823,181415,6409,101176,10322,105739,159688,177176,35401,17493,37137,55609,25137,13322,5963,54425,45588,40761,10752,66965,24910,1518,6438,46723,22735,26666,18756,6112,22445,58683,86373,31888,56026,10065,54589,67999,8223,66961,10988,15517,88680,37206,8982,3539,22469
1516873201,101222,37990,119201,22096,118345,58993,69199,22334,49558,18929,40913,83251,21866,18527,15392,52103,40899,93051,53544,119339,48201,14205,83386,10536,12688,13633,39090,7896,11887,32541,15180,10718,208548,6147,31584,20922,4957,2975,54981,53908,102925,12601,10461,50270,173020,25236,3426,186397,51197,2969,21291,31348,14004,12493,16632,4056,7788,8897,4081,16104,6098,97399,56201,19846,69870,39054,11361,22623,63997,10380,28221,21411,8043,13060,1753,38419,22448,83582,89863,48076,12288,27294,159251,24922,97718,26240,11775,25575,3437,6297,158788,6543,17330,56721,11998,9702,16455,12766,11347,16021,15464,26785,130583,6823,181415,6409,101176,10322,105739,159688,177176,35401,17493,37137,55609,25137,13322,5963,54425,45588,40761,10752,66965,24910,1518,6438,46723,22735,26666,18756,6112,22445,58683,86373,31888,56026,10065,54589,67999,8223,66961,10988,15517,88680,37206,8982,3539,22469
1516873501,101222,37990,119201,22096,118345,58993,69199,22334,49558,18929,40913,83251,21866,18527,15392,52103,40899,93051,53544,119339,48201,14205,83386,10536,12688,13633,39090,7896,11887,32541,15180,10718,208548,6147,31584,20922,4957,2975,54981,53908,102925,12601,10461,50270,173020,25236,3426,186397,51197,2969,21291,31348,14004,12493,16632,4056,7788,8897,4081,16104,6098,97399,56201,19846,69870,39054,11361,22623,63997,10380,28221,21411,8043,13060,1753,38419,22448,83582,89863,48076,12288,27294,159251,24922,97718,26240,11775,25575,3437,6297,158788,6543,17330,56721,11998,9702,16455,12766,11347,16021,15464,26785,130583,6823,181415,6409,101176,10322,105739,159688,177176,35401,17493,37137,55609,25137,13322,5963,54425,45588,40761,10752,66965,24910,1518,6438,46723,22735,26666,18756,6112,22445,58683,86373,31888,56026,10065,54589,67999,8223,66961,10988,15517,88680,37206,8982,3539,22469
1516873801,101222,37990,119201,22096,118345,58993,69199,22334,49558,18929,40913,83251,21866,18527,15392,52103,40899,93051,53544,119339,48201,14205,83386,10536,12688,13633,39090,7896,11887,32541,15180,10718,208548,6147,31584,20922,4957,2975,54981,53908,102925,12601,10461,50270,173020,25236,3426,186397,51197,2969,21291,31348,14004,12493,16632,4056,7788,8897,4081,16104,6098,97399,56201,19846,69870,39054,11361,22623,63997,10380,28221,21411,8043,13060,1753,38419,22448,83582,89863,48076,12288,27294,159251,24922,97718,26240,11775,25575,3437,6297,158788,6543,17330,56721,11998,9702,16455,12766,11347,16021,15464,26785,130583,6823,181415,6409,101176,10322,105739,159688,177176,35401,17493,37137,55609,25137,13322,5963,54425,45588,40761,10752,66965,24910,1518,6438,46723,22735,26666,18756,6112,22445,58683,86373,31888,56026,10065,54589,67999,8223,66961,10988,15517,88680,37206,8982,3539,22469
1516874101,101222,37990,119201,22096,118345,58993,69199,22334,49558,18929,40913,83251,21866,18527,15392,52103,40899,93051,53544,119339,48201,14205,83386,10536,12688,13633,39090,7896,11887,32541,15180,10718,208548,6147,31584,20922,4957,2975,54981,53908,102925,12601,10461,50270,173020,25236,3426,186397,51197,2969,21291,31348,14004,12493,16632,4056,7788,8897,4081,16104,6098,97399,56201,19846,69870,39054,11361,22623,63997,10380,28221,21411,8043,13060,1753,38419,22448,83582,89863,48076,12288,27294,159251,24922,97718,26240,11775,25575,3437,6297,158788,6543,17330,56721,11998,9702,16455,12766,11347,16021,15464,26785,130583,6823,181415,6409,101176,10322,105739,159688,177176,35401,17493,37137,55609,25137,13322,5963,54425,45588,40761,10752,66965,24910,1518,6438,46723,22735,26666,18756,6112,22445,58683,86373,31888,56026,10065,54589,67999,8223,66961,10988,15517,88680,37206,8982,3539,22469
1516874401,101222,37990,119201,22096,118345,58993,69199,22334,49558,18929,40913,83251,21866,18527,15392,52103,40899,93051,53544,119339,48201,14205,83386,10536,12688,13633,39090,7896,11887,32541,15180,10718,208548,6147,31584,20922,4957,2975,54981,53908,102925,12601,10461,50270,173020,25236,3426,186397,51197,2969,21291,31348,14004,12493,16632,4056,7788,8897,4081,16104,6098,97399,56201,19846,69870,39054,11361,22623,63997,10380,28221,21411,8043,13060,1753,38419,22448,83582,89863,48076,12288,27294,159251,24922,97718,26240,11775,25575,3437,6297,158788,6543,17330,56721,11998,9702,16455,12766,11347,16021,15464,26785,130583,6823,181415,6409,101176,10322,105739,159688,177176,35401,17493,37137,55609,25137,13322,5963,54425,45588,40761,10752,66965,24910,1518,6438,46723,22735,26666,18756,6112,22445,58683,86373,31888,56026,10065,54589,67999,8223,66961,10988,15517,88680,37206,8982,3539,22469
1516874701,101222,37990,119201,22096,118345,58993,69199,22334,49558,18929,40913,83251,21866,18527,15392,52103,40899,93051,53544,119339,48201,14205,83386,10536,12688,13633,39090,7896,11887,32541,15180,10718,208548,6147,31584,20922,4957,2975,54981,53908,102925,12601,10461,50270,173020,25236,3426,186397,51197,2969,21291,31348,14004,12493,16632,4056,7788,8897,4081,16104,6098,97399,56201,19846,69870,39054,11361,22623,63997,10380,28221,21411,8043,13060,1753,38419,22448,83582,89863,48076,12288,27294,159251,24922,97718,26240,11775,25575,3437,6297,158788,6543,17330,56721,11998,9702,16455,12766,11347,16021,15464,26785,130583,6823,181415,6409,101176,10322,105739,159688,177176,35401,17493,37137,55609,25137,13322,5963,54425,45588,40761,10752,66965,24910,1518,6438,46723,22735,26666,18756,6112,22445,58683,86373,31888,56026,10065,54589,67999,8223,66961,10988,15517,88680,37206,8982,3539,22469
1516875001,101222,37990,119201,22096,118345,58993,69199,22334,49558,18929,40913,83251,21866,18527,15392,52103,40899,93051,53544,119339,48201,14205,83386,10536,12688,13633,39090,7896,11887,32541,15180,10718,208548,6147,31584,20922,4957,2975,54981,53908,102925,12601,10461,50270,173020,25236,3426,186397,51197,2969,21291,31348,14004,12493,16632,4056,7788,8897,4081,16104,6098,97399,56201,19846,69870,39054,11361,22623,63997,10380,28221,21411,8043,13060,1753,38419,22448,83582,89863,48076,12288,27294,159251,24922,97718,26240,11775,25575,3437,6297,158788,6543,17330,56721,11998,9702,16455,12766,11347,16021,15464,26785,130583,6823,181415,6409,101176,10322,105739,159688,177176,35401,17493,37137,55609,25137,13322,5963,54425,45588,40761,10752,66965,24910,1518,6438,46723,22735,26666,18756,6112,22445,58683,86373,31888,56026,10065,54589,67999,8223,66961,10988,15517,88680,37206,8982,3539,22469
1516875301,101222,37990,119201,22096,118345,58993,69199,22334,49558,18929,40913,83251,21866,18527,15392,52103,40899,93051,53544,119339,48201,14205,83386,10536,12688,13633,39090,7896,11887,32541,15180,10718,208548,6147,31584,20922,4957,2975,54981,53908,102925,12601,10461,50270,173020,25236,3426,186397,51197,2969,21291,31348,14004,12493,16632,4056,7788,8897,4081,16104,6098,97399,56201,19846,69870,39054,11361,22623,63997,10380,28221,21411,8043,13060,1753,38419,22448,83582,89863,48076,12288,27294,159251,24922,97718,26240,11775,25575,3437,6297,158788,6543,17330,56721,11998,9702,16455,12766,11347,16021,15464,26785,130583,6823,181415,6409,101176,10322,105739,159688,177176,35401,17493,37137,55609,25137,13322,5963,54425,45588,40761,10752,66965,24910,1518,6438,46723,22735,26666,18756,6112,22445,58683,86373,31888,56026,10065,54589,67999,8223,66961,10988,15517,88680,37206,8982,3539,22469
1516875601,101222,37990,119201,22096,118345,58993,69199,22334,49558,18929,40913,83251,21866,18527,15392,52103,40899,93051,53544,119339,48201,14205,83386,10536,12688,13633,39090,7896,11887,32541,15180,10718,208548,6147,31584,20922,4957,2975,54981,53908,102925,12601,10461,50270,173020,25236,3426,186397,51197,2969,21291,31348,14004,12493,16632,4056,7788,8897,4081,16104,6098,97399,56201,19846,69870,39054,11361,22623,63997,10380,28221,21411,8043,13060,1753,38419,22448,83582,89863,48076,12288,27294,159251,24922,97718,26240,11775,25575,3437,6297,158788,6543,17330,56721,11998,9702,16455,12766,11347,16021,15464,26785,130583,6823,181415,6409,101176,10322,105739,159688,177176,35401,17493,37137,55609,25137,13322,5963,54425,45588,40761,10752,66965,24910,1518,6438,46723,22735,26666,18756,6112,22445,58683,86373,31888,56026,10065,54589,67999,8223,66961,10988,15517,88680,37206,8982,3539,22469
1516875901,101222,37990,119201,22096,118345,58993,69199,22334,49558,18929,40913,83251,21866,18527,15392,52103,40899,93051,53544,119339,48201,14205,83386,10536,12688,13633,39090,7896,11887,32541,15180,10718,208548,6147,31584,20922,4957,2975,54981,53908,102925,12601,10461,50270,173020,25236,3426,186397,51197,2969,21291,31348,14004,12493,16632,4056,7788,8897,4081,16104,6098,97399,56201,19846,69870,39054,11361,22623,63997,10380,28221,21411,8043,13060,1753,38419,22448,83582,89863,48076,12288,27294,159251,24922,97718,26240,11775,25575,3437,6297,158788,6543,17330,56721,11998,9702,16455,12766,11347,16021,15464,26785,130583,6823,181415,6409,101176,10322,105739,159688,177176,35401,17493,37137,55609,25137,13322,5963,54425,45588,40761,10752,66965,24910,1518,6438,46723,22735,26666,18756,6112,22445,58683,86373,31888,56026,10065,54589,67999,8223,66961,10988,15517,88680,37206,8982,3539,22469
1516876201,101222,37990,119201,22096,118345,58993,69199,22334,49558,18929,40913,83251,21866,18527,15392,52103,40899,93051,53544,119339,48201,14205,83386,10536,12688,13633,39090,7896,11887,32541,15180,10718,208548,6147,31584,20922,4957,2975,54981,53908,102925,12601,10461,50270,173020,25236,3426,186397,51197,2969,21291,31348,14004,12493,16632,4056,7788,8897,4081,16104,6098,97399,56201,19846,69870,39054,11361,22623,63997,10380,28221,21411,8043,13060,1753,38419,22448,83582,89863,48076,12288,27294,159251,24922,97718,26240,11775,25575,3437,6297,158788,6543,17330,56721,11998,9702,16455,12766,11347,16021,15464,26785,130583,6823,181415,6409,101176,10322,105739,159688,177176,35401,17493,37137,55609,25137,13322,5963,54425,45588,40761,10752,66965,24910,1518,6438,46723,22735,26666,18756,6112,22445,58683,86373,31888,56026,10065,54589,67999,8223,66961,10988,15517,88680,37206,8982,3539,22469
1516876501,101222,37990,119201,22096,118345,58993,69199,22334,49558,18929,40913,83251,21866,18527,15392,52103,40899,93051,53544,119339,48201,14205,83386,10536,12688,13633,39090,7896,11887,32541,15180,10718,208548,6147,31584,20922,4957,2975,54981,53908,102925,12601,10461,50270,173020,25236,3426,186397,51197,2969,21291,31348,14004,12493,16632,4056,7788,8897,4081,16104,6098,97399,56201,19846,69870,39054,11361,22623,63997,10380,28221,21411,8043,13060,1753,38419,22448,83582,89863,48076,12288,27294,159251,24922,97718,26240,11775,25575,3437,6297,158788,6543,17330,56721,11998,9702,16455,12766,11347,16021,15464,26785,130583,6823,181415,6409,101176,10322,105739,159688,177176,35401,17493,37137,55609,25137,13322,5963,54425,45588,40761,10752,66965,24910,1518,6438,46723,22735,26666,18756,6112,22445,58683,86373,31888,56026,10065,54589,67999,8223,66961,10988,15517,88680,37206,8982,3539,22469
1516876801,101222,37990,119201,22096,118345,58993,69199,22334,49558,18929,40913,83251,21866,18527,15392,52103,40899,93051,53544,119339,48201,14205,83386,10536,12688,13633,39090,7896,11887,32541,15180,10718,208548,6147,31584,20922,4957,2975,54981,53908,102925,12601,10461,50270,173020,25236,3426,186397,51197,2969,21291,31348,14004,12493,16632,4056,7788,8897,4081,16104,6098,97399,56201,19846,69870,39054,11361,22623,63997,10380,28221,21411,8043,13060,1753,38419,22448,83582,89863,48076,12288,27294,159251,24922,97718,26240,11775,25575,3437,6297,158788,6543,17330,56721,11998,9702,16455,12766,11347,16021,15464,26785,130583,6823,181415,6409,101176,10322,105739,159688,177176,35401,17493,37137,55609,25137,13322,5963,54425,45588,40761,10752,66965,24910,1518,6438,46723,22735,26666,18756,6112,22445,58683,86373,31888,56026,10065,54589,67999,8223,66961,10988,15517,88680,37206,8982,3539,22469
1516877101,101222,37990,119201,22096,118345,58993,69199,22334,49558,18929,40913,83251,21866,18527,15392,52103,40899,93051,53544,119339,48201,14205,83386,10536,12688,13633,39090,7896,11887,32541,15180,10718,208548,6147,31584,20922,4957,2975,54981,53908,102925,12601,10461,50270,173020,25236,3426,186397,51197,2969,21291,31348,14004,12493,16632,4056,7788,8897,4081,16104,6098,97399,56201,19846,69870,39054,11361,22623,63997,10380,28221,21411,8043,13060,1753,38419,22448,83582,89863,48076,12288,27294,159251,24922,97718,26240,11775,25575,3437,6297,158788,6543,17330,56721,11998,9702,16455,12766,11347,16021,15464,26785,130583,6823,181415,6409,101176,10322,105739,159688,177176,35401,17493,37137,55609,25137,13322,5963,54425,45588,40761,10752,66965,24910,1518,6438,46723,22735,26666,18756,6112,22445,58683,86373,31888,56026,10065,54589,67999,8223,66961,10988,15517,88680,37206,8982,3539,22469
1516877401,101222,37990,119201,22096,118345,58993,69199,22334,49558,18929,40913,83251,21866,18527,15392,52103,40899,93051,53544,119339,48201,14205,83386,10536,12688,13633,39090,7896,11887,32541,15180,10718,208548,6147,31584,20922,4957,2975,54981,53908,102925,12601,10461,50270,173020,25236,3426,186397,51197,2969,21291,31348,14004,12493,16632,4056,7788,8897,4081,16104,6098,97399,56201,19846,69870,39054,11361,22623,63997,10380,28221,21411,8043,13060,1753,38419,22448,83582,89863,48076,12288,27294,159251,24922,97718,26240,11775,25575,3437,6297,158788,6543,17330,56721,11998,9702,16455,12766,11347,16021,15464,26785,130583,6823,181415,6409,101176,10322,105739,159688,177176,35401,17493,37137,55609,25137,13322,5963,54425,45588,40761,10752,66965,24910,1518,6438,46723,22735,26666,18756,6112,22445,58683,86373,31888,56026,10065,54589,67999,8223,66961,10988,15517,88680,37206,8982,3539,22469
1516877701,101222,37990,119201,22096,118345,58993,69199,22334,49558,18929,40913,83251,21866,18527,15392,52103,40899,93051,53544,119339,48201,14205,83386,10536,12688,13633,39090,7896,11887,32541,15180,10718,208548,6147,31584,20922,4957,2975,54981,53908,102925,12601,10461,50270,173020,25236,3426,186397,51197,2969,21291,31348,14004,12493,16632,4056,7788,8897,4081,16104,6098,97399,56201,19846,69870,39054,11361,22623,63997,10380,28221,21411,8043,13060,1753,38419,22448,83582,89863,48076,12288,27294,159251,24922,97718,26240,11775,25575,3437,6297,158788,6543,17330,56721,11998,9702,16455,12766,11347,16021,15464,26785,130583,6823,181415,6409,101176,10322,105739,159688,177176,35401,17493,37137,55609,25137,13322,5963,54425,45588,40761,10752,66965,24910,1518,6438,46723,22735,26666,18756,6112,22445,58683,86373,31888,56026,10065,54589,67999,8223,66961,10988,15517,88680,37206,8982,3539,22469
1516878001,101222,37990,119201,22096,118345,58993,69199,22334,49558,18929,40913,83251,21866,18527,15392,52103,40899,93051,53544,119339,48201,14205,83386,10536,12688,13633,39090,7896,11887,32541,15180,10718,208548,6147,31584,20922,4957,2975,54981,53908,102925,12601,10461,50270,173020,25236,3426,186397,51197,2969,21291,31348,14004,12493,16632,4056,7788,8897,4081,16104,6098,97399,56201,19846,69870,39054,11361,22623,63997,10380,28221,21411,8043,13060,1753,38419,22448,83582,89863,48076,12288,27294,159251,24922,97718,26240,11775,25575,3437,6297,158788,6543,17330,56721,11998,9702,16455,12766,11347,16021,15464,26785,130583,6823,181415,6409,101176,10322,105739,159688,177176,35401,17493,37137,55609,25137,13322,5963,54425,45588,40761,10752,66965,24910,1518,6438,46723,22735,26666,18756,6112,22445,58683,86373,31888,56026,10065,54589,67999,8223,66961,10988,15517,88680,37206,8982,3539,22469
1516878301,101222,37990,119201,22096,118345,58993,69199,22334,49558,18929,40913,83251,21866,18527,15392,52103,40899,93051,53544,119339,48201,14205,83386,10536,12688,13633,39090,7896,11887,32541,15180,10718,208548,6147,31584,20922,4957,2975,54981,53908,102925,12601,10461,50270,173020,25236,3426,186397,51197,2969,21291,31348,14004,12493,16632,4056,7788,8897,4081,16104,6098,97399,56201,19846,69870,39054,11361,22623,63997,10380,28221,21411,8043,13060,1753,38419,22448,83582,89863,48076,12288,27294,159251,24922,97718,26240,11775,25575,3437,6297,158788,6543,17330,56721,11998,9702,16455,12766,11347,16021,15464,26785,130583,6823,181415,6409,101176,10322,105739,159688,177176,35401,17493,37137,55609,25137,13322,5963,54425,45588,40761,10752,66965,24910,1518,6438,46723,22735,26666,18756,6112,22445,58683,86373,31888,56026,10065,54589,67999,8223,66961,10988,15517,88680,37206,8982,3539,22469
1516878601,101222,37990,119201,22096,118345,58993,69199,22334,49558,18929,40913,83251,21866,18527,15392,52103,40899,93051,53544,119339,48201,14205,83386,10536,12688,13633,39090,7896,11887,32541,15180,10718,208548,6147,31584,20922,4957,2975,54981,53908,102925,12601,10461,50270,173020,25236,3426,186397,51197,2969,21291,31348,14004,12493,16632,4056,7788,8897,4081,16104,6098,97399,56201,19846,69870,39054,11361,22623,63997,10380,28221,21411,8043,13060,1753,38419,22448,83582,89863,48076,12288,27294,159251,24922,97718,26240,11775,25575,3437,6297,158788,6543,17330,56721,11998,9702,16455,12766,11347,16021,15464,26785,130583,6823,181415,6409,101176,10322,105739,159688,177176,35401,17493,37137,55609,25137,13322,5963,54425,45588,40761,10752,66965,24910,1518,6438,46723,22735,26666,18756,6112,22445,58683,86373,31888,56026,10065,54589,67999,8223,66961,10988,15517,88680,37206,8982,3539,22469
1516878901,101222,37990,119201,22096,118345,58993,69199,22334,49558,18929,40913,83251,21866,18527,15392,52103,40899,93051,53544,119339,48201,14205,83386,10536,12688,13633,39090,7896,11887,32541,15180,10718,208548,6147,31584,20922,4957,2975,54981,53908,102925,12601,10461,50270,173020,25236,3426,186397,51197,2969,21291,31348,14004,12493,16632,4056,7788,8897,4081,16104,6098,97399,56201,19846,69870,39054,11361,22623,63997,10380,28221,21411,8043,13060,1753,38419,22448,83582,89863,48076,12288,27294,159251,24922,97718,26240,11775,25575,3437,6297,158788,6543,17330,56721,11998,9702,16455,12766,11347,16021,15464,26785,130583,6823,181415,6409,101176,10322,105739,159688,177176,35401,17493,37137,55609,25137,13322,5963,54425,45588,40761,10752,66965,24910,1518,6438,46723,22735,26666,18756,6112,22445,58683,86373,31888,56026,10065,54589,67999,8223,66961,10988,15517,88680,37206,8982,3539,22469
1516879201,101222,37990,119201,22096,118345,58993,69199,22334,49558,18929,40913,83251,21866,18527,15392,52103,40899,93051,53544,119339,48201,14205,83386,10536,12688,13633,39090,7896,11887,32541,15180,10718,208548,6147,31584,20922,4957,2975,54981,53908,102925,12601,10461,50270,173020,25236,3426,186397,51197,2969,21291,31348,14004,12493,16632,4056,7788,8897,4081,16104,6098,97399,56201,19846,69870,39054,11361,22623,63997,10380,28221,21411,8043,13060,1753,38419,22448,83582,89863,48076,12288,27294,159251,24922,97718,26240,11775,25575,3437,6297,158788,6543,17330,56721,11998,9702,16455,12766,11347,16021,15464,26785,130583,6823,181415,6409,101176,10322,105739,159688,177176,35401,17493,37137,55609,25137,13322,5963,54425,45588,40761,10752,66965,24910,1518,6438,46723,22735,26666,18756,6112,22445,58683,86373,31888,56026,10065,54589,67999,8223,66961,10988,15517,88680,37206,8982,3539,22469
1516879501,101222,37990,119201,22096,118345,58993,69199,22334,49558,18929,40913,83251,21866,18527,15392,52103,40899,93051,53544,119339,48201,14205,83386,10536,12688,13633,39090,7896,11887,32541,15180,10718,208548,6147,31584,20922,4957,2975,54981,53908,102925,12601,10461,50270,173020,25236,3426,186397,51197,2969,21291,31348,14004,12493,16632,4056,7788,8897,4081,16104,6098,97399,56201,19846,69870,39054,11361,22623,63997,10380,28221,21411,8043,13060,1753,38419,22448,83582,89863,48076,12288,27294,159251,24922,97718,26240,11775,25575,3437,6297,158788,6543,17330,56721,11998,9702,16455,12766,11347,16021,15464,26785,130583,6823,181415,6409,101176,10322,105739,159688,177176,35401,17493,37137,55609,25137,13322,5963,54425,45588,40761,10752,66965,24910,1518,6438,46723,22735,26666,18756,6112,22445,58683,86373,31888,56026,10065,54589,67999,8223,66961,10988,15517,88680,37206,8982,3539,22469
1516879801,101222,37990,119201,22096,118345,58993,69199,22334,49558,18929,40913,83251,21866,18527,15392,52103,40899,93051,53544,119339,48201,14205,83386,10536,12688,13633,39090,7896,11887,32541,15180,10718,208548,6147,31584,20922,4957,2975,54981,53908,102925,12601,10461,50270,173020,25236,3426,186397,51197,2969,21291,31348,14004,12493,16632,4056,7788,8897,4081,16104,6098,97399,56201,19846,69870,39054,11361,22623,63997,10380,28221,21411,8043,13060,1753,38419,22448,83582,89863,48076,12288,27294,159251,24922,97718,26240,11775,25575,3437,6297,158788,6543,17330,56721,11998,9702,16455,12766,11347,16021,15464,26785,130583,6823,181415,6409,101176,10322,105739,159688,177176,35401,17493,37137,55609,25137,13322,5963,54425,45588,40761,10752,66965,24910,1518,6438,46723,22735,26666,18756,6112,22445,58683,86373,31888,56026,10065,54589,67999,8223,66961,10988,15517,88680,37206,8982,3539,22469
1516880101,101222,37990,119201,22096,118345,58993,69199,22334,49558,18929,40913,83251,21866,18527,15392,52103,40899,93051,53544,119339,48201,14205,83386,10536,12688,13633,39090,7896,11887,32541,15180,10718,208548,6147,31584,20922,4957,2975,54981,53908,102925,12601,10461,50270,173020,25236,3426,186397,51197,2969,21291,31348,14004,12493,16632,4056,7788,8897,4081,16104,6098,97399,56201,19846,69870,39054,11361,22623,63997,10380,28221,21411,8043,13060,1753,38419,22448,83582,89863,48076,12288,27294,159251,24922,97718,26240,11775,25575,3437,6297,158788,6543,17330,56721,11998,9702,16455,12766,11347,16021,15464,26785,130583,6823,181415,6409,101176,10322,105739,159688,177176,35401,17493,37137,55609,25137,13322,5963,54425,45588,40761,10752,66965,24910,1518,6438,46723,22735,26666,18756,6112,22445,58683,86373,31888,56026,10065,54589,67999,8223,66961,10988,15517,88680,37206,8982,3539,22469
1516880401,101222,37990,119201,22096,118345,58993,69199,22334,49558,18929,40913,83251,21866,18527,15392,52103,40899,93051,53544,119339,48201,14205,83386,10536,12688,13633,39090,7896,11887,32541,15180,10718,208548,6147,31584,20922,4957,2975,54981,53908,102925,12601,10461,50270,173020,25236,3426,186397,51197,2969,21291,31348,14004,12493,16632,4056,7788,8897,4081,16104,6098,97399,56201,19846,69870,39054,11361,22623,63997,10380,28221,21411,8043,13060,1753,38419,22448,83582,89863,48076,12288,27294,159251,24922,97718,26240,11775,25575,3437,6297,158788,6543,17330,56721,11998,9702,16455,12766,11347,16021,15464,26785,130583,6823,181415,6409,101176,10322,105739,159688,177176,35401,17493,37137,55609,25137,13322,5963,54425,45588,40761,10752,66965,24910,1518,6438,46723,22735,26666,18756,6112,22445,58683,86373,31888,56026,10065,54589,67999,8223,66961,10988,15517,88680,37206,8982,3539,22469
1516880701,101222,37990,119201,22096,118345,58993,69199,22334,49558,18929,40913,83251,21866,18527,15392,52103,40899,93051,53544,119339,48201,14205,83386,10536,12688,13633,39090,7896,11887,32541,15180,10718,208548,6147,31584,20922,4957,2975,54981,53908,102925,12601,10461,50270,173020,25236,3426,186397,51197,2969,21291,31348,14004,12493,16632,4056,7788,8897,4081,16104,6098,97399,56201,19846,69870,39054,11361,22623,63997,10380,28221,21411,8043,13060,1753,38419,22448,83582,89863,48076,12288,27294,159251,24922,97718,26240,11775,25575,3437,6297,158788,6543,17330,56721,11998,9702,16455,12766,11347,16021,15464,26785,130583,6823,181415,6409,101176,10322,105739,159688,177176,35401,17493,37137,55609,25137,13322,5963,54425,45588,40761,10752,66965,24910,1518,6438,46723,22735,26666,18756,6112,22445,58683,86373,31888,56026,10065,54589,67999,8223,66961,10988,15517,88680,37206,8982,3539,22469
1516881001,101222,37990,119201,22096,118345,58993,69199,22334,49558,18929,40913,83251,21866,18527,15392,52103,40899,93051,53544,119339,48201,14205,83386,10536,12688,13633,39090,7896,11887,32541,15180,10718,208548,6147,31584,20922,4957,2975,54981,53908,102925,12601,10461,50270,173020,25236,3426,186397,51197,2969,21291,31348,14004,12493,16632,4056,7788,8897,4081,16104,6098,97399,56201,19846,69870,39054,11361,22623,63997,10380,28221,21411,8043,13060,1753,38419,22448,83582,89863,48076,12288,27294,159251,24922,97718,26240,11775,25575,3437,6297,158788,6543,17330,56721,11998,9702,16455,12766,11347,16021,15464,26785,130583,6823,181415,6409,101176,10322,105739,159688,177176,35401,17493,37137,55609,25137,13322,5963,54425,45588,40761,10752,66965,24910,1518,6438,46723,22735,26666,18756,6112,22445,58683,86373,31888,56026,10065,54589,67999,8223,66961,10988,15517,88680,37206,8982,3539,22469
1516881301,101222,37990,119201,22096,118345,58993,69199,22334,49558,18929,40913,83251,21866,18527,15392,52103,40899,93051,53544,119339,48201,14205,83386,10536,12688,13633,39090,7896,11887,32541,15180,10718,208548,6147,31584,20922,4957,2975,54981,53908,102925,12601,10461,50270,173020,25236,3426,186397,51197,2969,21291,31348,14004,12493,16632,4056,7788,8897,4081,16104,6098,97399,56201,19846,69870,39054,11361,22623,63997,10380,28221,21411,8043,13060,1753,38419,22448,83582,89863,48076,12288,27294,159251,24922,97718,26240,11775,25575,3437,6297,158788,6543,17330,56721,11998,9702,16455,12766,11347,16021,15464,26785,130583,6823,181415,6409,101176,10322,105739,159688,177176,35401,17493,37137,55609,25137,13322,5963,54425,45588,40761,10752,66965,24910,1518,6438,46723,22735,26666,18756,6112,22445,58683,86373,31888,56026,10065,54589,67999,8223,66961,10988,15517,88680,37206,8982,3539,22469
1516881601,101222,37990,119201,22096,118345,58993,69199,22334,49558,18929,40913,83251,21866,18527,15392,52103,40899,93051,53544,119339,48201,14205,83386,10536,12688,13633,39090,7896,11887,32541,15180,10718,208548,6147,31584,20922,4957,2975,54981,53908,102925,12601,10461,50270,173020,25236,3426,186397,51197,2969,21291,31348,14004,12493,16632,4056,7788,8897,4081,16104,6098,97399,56201,19846,69870,39054,11361,22623,63997,10380,28221,21411,8043,13060,1753,38419,22448,83582,89863,48076,12288,27294,159251,24922,97718,26240,11775,25575,3437,6297,158788,6543,17330,56721,11998,9702,16455,12766,11347,16021,15464,26785,130583,6823,181415,6409,101176,10322,105739,159688,177176,35401,17493,37137,55609,25137,13322,5963,54425,45588,40761,10752,66965,24910,1518,6438,46723,22735,26666,18756,6112,22445,58683,86373,31888,56026,10065,54589,67999,8223,66961,10988,15517,88680,37206,8982,3539,22469
1516881901,101222,37990,119201,22096,118345,58993,69199,22334,49558,18929,40913,83251,21866,18527,15392,52103,40899,93051,53544,119339,48201,14205,83386,10536,12688,13633,39090,7896,11887,32541,15180,10718,208548,6147,31584,20922,4957,2975,54981,53908,102925,12601,10461,50270,173020,25236,3426,186397,51197,2969,21291,31348,14004,12493,16632,4056,7788,8897,4081,16104,6098,97399,56201,19846,69870,39054,11361,22623,63997,10380,28221,21411,8043,13060,1753,38419,22448,83582,89863,48076,12288,27294,159251,24922,97718,26240,11775,25575,3437,6297,158788,6543,17330,56721,11998,9702,16455,12766,11347,16021,15464,26785,130583,6823,181415,6409,101176,10322,105739,159688,177176,35401,17493,37137,55609,25137,13322,5963,54425,45588,40761,10752,66965,24910,1518,6438,46723,22735,26666,18756,6112,22445,58683,86373,31888,56026,10065,54589,67999,8223,66961,10988,15517,88680,37206,8982,3539,22469
1516882201,101222,37990,119201,22096,118345,58993,69199,22334,49558,18929,40913,83251,21866,18527,15392,52103,40899,93051,53544,119339,48201,14205,83386,10536,12688,13633,39090,7896,11887,32541,15180,10718,208548,6147,31584,20922,4957,2975,54981,53908,102925,12601,10461,50270,173020,25236,3426,186397,51197,2969,21291,31348,14004,12493,16632,4056,7788,8897,4081,16104,6098,97399,56201,19846,69870,39054,11361,22623,63997,10380,28221,21411,8043,13060,1753,38419,22448,83582,89863,48076,12288,27294,159251,24922,97718,26240,11775,25575,3437,6297,158788,6543,17330,56721,11998,9702,16455,12766,11347,16021,15464,26785,130583,6823,181415,6409,101176,10322,105739,159688,177176,35401,17493,37137,55609,25137,13322,5963,54425,45588,40761,10752,66965,24910,1518,6438,46723,22735,26666,18756,6112,22445,58683,86373,31888,56026,10065,54589,67999,8223,66961,10988,15517,88680,37206,8982,3539,22469
1516882501,101222,37990,119201,22096,118345,58993,69199,22334,49558,18929,40913,83251,21866,18527,15392,52103,40899,93051,53544,119339,48201,14205,83386,10536,12688,13633,39090,7896,11887,32541,15180,10718,208548,6147,31584,20922,4957,2975,54981,53908,102925,12601,10461,50270,173020,25236,3426,186397,51197,2969,21291,31348,14004,12493,16632,4056,7788,8897,4081,16104,6098,97399,56201,19846,69870,39054,11361,22623,63997,10380,28221,21411,8043,13060,1753,38419,22448,83582,89863,48076,12288,27294,159251,24922,97718,26240,11775,25575,3437,6297,158788,6543,17330,56721,11998,9702,16455,12766,11347,16021,15464,26785,130583,6823,181415,6409,101176,10322,105739,159688,177176,35401,17493,37137,55609,25137,13322,5963,54425,45588,40761,10752,66965,24910,1518,6438,46723,22735,26666,18756,6112,22445,58683,86373,31888,56026,10065,54589,67999,8223,66961,10988,15517,88680,37206,8982,3539,22469
1516882801,101222,37990,119201,22096,118345,58993,69199,22334,49558,18929,40913,83251,21866,18527,15392,52103,40899,93051,53544,119339,48201,14205,83386,10536,12688,13633,39090,7896,11887,32541,15180,10718,208548,6147,31584,20922,4957,2975,54981,53908,102925,12601,10461,50270,173020,25236,3426,186397,51197,2969,21291,31348,14004,12493,16632,4056,7788,8897,4081,16104,6098,97399,56201,19846,69870,39054,11361,22623,63997,10380,28221,21411,8043,13060,1753,38419,22448,83582,89863,48076,12288,27294,159251,24922,97718,26240,11775,25575,3437,6297,158788,6543,17330,56721,11998,9702,16455,12766,11347,16021,15464,26785,130583,6823,181415,6409,101176,10322,105739,159688,177176,35401,17493,37137,55609,25137,13322,5963,54425,45588,40761,10752,66965,24910,1518,6438,46723,22735,26666,18756,6112,22445,58683,86373,31888,56026,10065,54589,67999,8223,66961,10988,15517,88680,37206,8982,3539,22469
1516883101,101222,37990,119201,22096,118345,58993,69199,22334,49558,18929,40913,83251,21866,18527,15392,52103,40899,93051,53544,119339,48201,14205,83386,10536,12688,13633,39090,7896,11887,32541,15180,10718,208548,6147,31584,20922,4957,2975,54981,53908,102925,12601,10461,50270,173020,25236,3426,186397,51197,2969,21291,31348,14004,12493,16632,4056,7788,8897,4081,16104,6098,97399,56201,19846,69870,39054,11361,22623,63997,10380,28221,21411,8043,13060,1753,38419,22448,83582,89863,48076,12288,27294,159251,24922,97718,26240,11775,25575,3437,6297,158788,6543,17330,56721,11998,9702,16455,12766,11347,16021,15464,26785,130583,6823,181415,6409,101176,10322,105739,159688,177176,35401,17493,37137,55609,25137,13322,5963,54425,45588,40761,10752,66965,24910,1518,6438,46723,22735,26666,18756,6112,22445,58683,86373,31888,56026,10065,54589,67999,8223,66961,10988,15517,88680,37206,8982,3539,22469
1516883401,101222,37990,119201,22096,118345,58993,69199,22334,49558,18929,40913,83251,21866,18527,15392,52103,40899,93051,53544,119339,48201,14205,83386,10536,12688,13633,39090,7896,11887,32541,15180,10718,208548,6147,31584,20922,4957,2975,54981,53908,102925,12601,10461,50270,173020,25236,3426,186397,51197,2969,21291,31348,14004,12493,16632,4056,7788,8897,4081,16104,6098,97399,56201,19846,69870,39054,11361,22623,63997,10380,28221,21411,8043,13060,1753,38419,22448,83582,89863,48076,12288,27294,159251,24922,97718,26240,11775,25575,3437,6297,158788,6543,17330,56721,11998,9702,16455,12766,11347,16021,15464,26785,130583,6823,181415,6409,101176,10322,105739,159688,177176,35401,17493,37137,55609,25137,13322,5963,54425,45588,40761,10752,66965,24910,1518,6438,46723,22735,26666,18756,6112,22445,58683,86373,31888,56026,10065,54589,67999,8223,66961,10988,15517,88680,37206,8982,3539,22469
1516883701,101222,37990,119201,22096,118345,58993,69199,22334,49558,18929,40913,83251,21866,18527,15392,52103,40899,93051,53544,119339,48201,14205,83386,10536,12688,13633,39090,7896,11887,32541,15180,10718,208548,6147,31584,20922,4957,2975,54981,53908,102925,12601,10461,50270,173020,25236,3426,186397,51197,2969,21291,31348,14004,12493,16632,4056,7788,8897,4081,16104,6098,97399,56201,19846,69870,39054,11361,22623,63997,10380,28221,21411,8043,13060,1753,38419,22448,83582,89863,48076,12288,27294,159251,24922,97718,26240,11775,25575,3437,6297,158788,6543,17330,56721,11998,9702,16455,12766,11347,16021,15464,26785,130583,6823,181415,6409,101176,10322,105739,159688,177176,35401,17493,37137,55609,25137,13322,5963,54425,45588,40761,10752,66965,24910,1518,6438,46723,22735,26666,18756,6112,22445,58683,86373,31888,56026,10065,54589,67999,8223,66961,10988,15517,88680,37206,8982,3539,22469
1516884001,101222,37990,119201,22096,118345,58993,69199,22334,49558,18929,40913,83251,21866,18527,15392,52103,40899,93051,53544,119339,48201,14205,83386,10536,12688,13633,39090,7896,11887,32541,15180,10718,208548,6147,31584,20922,4957,2975,54981,53908,102925,12601,10461,50270,173020,25236,3426,186397,51197,2969,21291,31348,14004,12493,16632,4056,7788,8897,4081,16104,6098,97399,56201,19846,69870,39054,11361,22623,63997,10380,28221,21411,8043,13060,1753,38419,22448,83582,89863,48076,12288,27294,159251,24922,97718,26240,11775,25575,3437,6297,158788,6543,17330,56721,11998,9702,16455,12766,11347,16021,15464,26785,130583,6823,181415,6409,101176,10322,105739,159688,177176,35401,17493,37137,55609,25137,13322,5963,54425,45588,40761,10752,66965,24910,1518,6438,46723,22735,26666,18756,6112,22445,58683,86373,31888,56026,10065,54589,67999,8223,66961,10988,15517,88680,37206,8982,3539,22469
1516884301,101222,37990,119201,22096,118345,58993,69199,22334,49558,18929,40913,83251,21866,18527,15392,52103,40899,93051,53544,119339,48201,14205,83386,10536,12688,13633,39090,7896,11887,32541,15180,10718,208548,6147,31584,20922,4957,2975,54981,53908,102925,12601,10461,50270,173020,25236,3426,186397,51197,2969,21291,31348,14004,12493,16632,4056,7788,8897,4081,16104,6098,97399,56201,19846,69870,39054,11361,22623,63997,10380,28221,21411,8043,13060,1753,38419,22448,83582,89863,48076,12288,27294,159251,24922,97718,26240,11775,25575,3437,6297,158788,6543,17330,56721,11998,9702,16455,12766,11347,16021,15464,26785,130583,6823,181415,6409,101176,10322,105739,159688,177176,35401,17493,37137,55609,25137,13322,5963,54425,45588,40761,10752,66965,24910,1518,6438,46723,22735,26666,18756,6112,22445,58683,86373,31888,56026,10065,54589,67999,8223,66961,10988,15517,88680,37206,8982,3539,22469
1516884601,101222,37990,119201,22096,118345,58993,69199,22334,49558,18929,40913,83251,21866,18527,15392,52103,40899,93051,53544,119339,48201,14205,83386,10536,12688,13633,39090,7896,11887,32541,15180,10718,208548,6147,31584,20922,4957,2975,54981,53908,102925,12601,10461,50270,173020,25236,3426,186397,51197,2969,21291,31348,14004,12493,16632,4056,7788,8897,4081,16104,6098,97399,56201,19846,69870,39054,11361,22623,63997,10380,28221,21411,8043,13060,1753,38419,22448,83582,89863,48076,12288,27294,159251,24922,97718,26240,11775,25575,3437,6297,158788,6543,17330,56721,11998,9702,16455,12766,11347,16021,15464,26785,130583,6823,181415,6409,101176,10322,105739,159688,177176,35401,17493,37137,55609,25137,13322,5963,54425,45588,40761,10752,66965,24910,1518,6438,46723,22735,26666,18756,6112,22445,58683,86373,31888,56026,10065,54589,67999,8223,66961,10988,15517,88680,37206,8982,3539,22469
1516884901,101222,37990,119201,22096,118345,58993,69199,22334,49558,18929,40913,83251,21866,18527,15392,52103,40899,93051,53544,119339,48201,14205,83386,10536,12688,13633,39090,7896,11887,32541,15180,10718,208548,6147,31584,20922,4957,2975,54981,53908,102925,12601,10461,50270,173020,25236,3426,186397,51197,2969,21291,31348,14004,12493,16632,4056,7788,8897,4081,16104,6098,97399,56201,19846,69870,39054,11361,22623,63997,10380,28221,21411,8043,13060,1753,38419,22448,83582,89863,48076,12288,27294,159251,24922,97718,26240,11775,25575,3437,6297,158788,6543,17330,56721,11998,9702,16455,12766,11347,16021,15464,26785,130583,6823,181415,6409,101176,10322,105739,159688,177176,35401,17493,37137,55609,25137,13322,5963,54425,45588,40761,10752,66965,24910,1518,6438,46723,22735,26666,18756,6112,22445,58683,86373,31888,56026,10065,54589,67999,8223,66961,10988,15517,88680,37206,8982,3539,22469
1516885201,101222,37990,119201,22096,118345,58993,69199,22334,49558,18929,40913,83251,21866,18527,15392,52103,40899,93051,53544,119339,48201,14205,83386,10536,12688,13633,39090,7896,11887,32541,15180,10718,208548,6147,31584,20922,4957,2975,54981,53908,102925,12601,10461,50270,173020,25236,3426,186397,51197,2969,21291,31348,14004,12493,16632,4056,7788,8897,4081,16104,6098,97399,56201,19846,69870,39054,11361,22623,63997,10380,28221,21411,8043,13060,1753,38419,22448,83582,89863,48076,12288,27294,159251,24922,97718,26240,11775,25575,3437,6297,158788,6543,17330,56721,11998,9702,16455,12766,11347,16021,15464,26785,130583,6823,181415,6409,101176,10322,105739,159688,177176,35401,17493,37137,55609,25137,13322,5963,54425,45588,40761,10752,66965,24910,1518,6438,46723,22735,26666,18756,6112,22445,58683,86373,31888,56026,10065,54589,67999,8223,66961,10988,15517,88680,37206,8982,3539,22469
1516885501,101222,37990,119201,22096,118345,58993,69199,22334,49558,18929,40913,83251,21866,18527,15392,52103,40899,93051,53544,119339,48201,14205,83386,10536,12688,13633,39090,7896,11887,32541,15180,10718,208548,6147,31584,20922,4957,2975,54981,53908,102925,12601,10461,50270,173020,25236,3426,186397,51197,2969,21291,31348,14004,12493,16632,4056,7788,8897,4081,16104,6098,97399,56201,19846,69870,39054,11361,22623,63997,10380,28221,21411,8043,13060,1753,38419,22448,83582,89863,48076,12288,27294,159251,24922,97718,26240,11775,25575,3437,6297,158788,6543,17330,56721,11998,9702,16455,12766,11347,16021,15464,26785,130583,6823,181415,6409,101176,10322,105739,159688,177176,35401,17493,37137,55609,25137,13322,5963,54425,45588,40761,10752,66965,24910,1518,6438,46723,22735,26666,18756,6112,22445,58683,86373,31888,56026,10065,54589,67999,8223,66961,10988,15517,88680,37206,8982,3539,22469
1516885801,101222,37990,119201,22096,118345,58993,69199,22334,49558,18929,40913,83251,21866,18527,15392,52103,40899,93051,53544,119339,48201,14205,83386,10536,12688,13633,39090,7896,11887,32541,15180,10718,208548,6147,31584,20922,4957,2975,54981,53908,102925,12601,10461,50270,173020,25236,3426,186397,51197,2969,21291,31348,14004,12493,16632,4056,7788,8897,4081,16104,6098,97399,56201,19846,69870,39054,11361,22623,63997,10380,28221,21411,8043,13060,1753,38419,22448,83582,89863,48076,12288,27294,159251,24922,97718,26240,11775,25575,3437,6297,158788,6543,17330,56721,11998,9702,16455,12766,11347,16021,15464,26785,130583,6823,181415,6409,101176,10322,105739,159688,177176,35401,17493,37137,55609,25137,13322,5963,54425,45588,40761,10752,66965,24910,1518,6438,46723,22735,26666,18756,6112,22445,58683,86373,31888,56026,10065,54589,67999,8223,66961,10988,15517,88680,37206,8982,3539,22469
1516886101,101222,37990,119201,22096,118345,58993,69199,22334,49558,18929,40913,83251,21866,18527,15392,52103,40899,93051,53544,119339,48201,14205,83386,10536,12688,13633,39090,7896,11887,32541,15180,10718,208548,6147,31584,20922,4957,2975,54981,53908,102925,12601,10461,50270,173020,25236,3426,186397,51197,2969,21291,31348,14004,12493,16632,4056,7788,8897,4081,16104,6098,97399,56201,19846,69870,39054,11361,22623,63997,10380,28221,21411,8043,13060,1753,38419,22448,83582,89863,48076,12288,27294,159251,24922,97718,26240,11775,25575,3437,6297,158788,6543,17330,56721,11998,9702,16455,12766,11347,16021,15464,26785,130583,6823,181415,6409,101176,10322,105739,159688,177176,35401,17493,37137,55609,25137,13322,5963,54425,45588,40761,10752,66965,24910,1518,6438,46723,22735,26666,18756,6112,22445,58683,86373,31888,56026,10065,54589,67999,8223,66961,10988,15517,88680,37206,8982,3539,22469
1516886401,101222,37990,119201,22096,118345,58993,69199,22334,49558,18929,40913,83251,21866,18527,15392,52103,40899,93051,53544,119339,48201,14205,83386,10536,12688,13633,39090,7896,11887,32541,15180,10718,208548,6147,31584,20922,4957,2975,54981,53908,102925,12601,10461,50270,173020,25236,3426,186397,51197,2969,21291,31348,14004,12493,16632,4056,7788,8897,4081,16104,6098,97399,56201,19846,69870,39054,11361,22623,63997,10380,28221,21411,8043,13060,1753,38419,22448,83582,89863,48076,12288,27294,159251,24922,97718,26240,11775,25575,3437,6297,158788,6543,17330,56721,11998,9702,16455,12766,11347,16021,15464,26785,130583,6823,181415,6409,101176,10322,105739,159688,177176,35401,17493,37137,55609,25137,13322,5963,54425,45588,40761,10752,66965,24910,1518,6438,46723,22735,26666,18756,6112,22445,58683,86373,31888,56026,10065,54589,67999,8223,66961,10988,15517,88680,37206,8982,3539,22469
1516886701,101222,37990,119201,22096,118345,58993,69199,22334,49558,18929,40913,83251,21866,18527,15392,52103,40899,93051,53544,119339,48201,14205,83386,10536,12688,13633,39090,7896,11887,32541,15180,10718,208548,6147,31584,20922,4957,2975,54981,53908,102925,12601,10461,50270,173020,25236,3426,186397,51197,2969,21291,31348,14004,12493,16632,4056,7788,8897,4081,16104,6098,97399,56201,19846,69870,39054,11361,22623,63997,10380,28221,21411,8043,13060,1753,38419,22448,83582,89863,48076,12288,27294,159251,24922,97718,26240,11775,25575,3437,6297,158788,6543,17330,56721,11998,9702,16455,12766,11347,16021,15464,26785,130583,6823,181415,6409,101176,10322,105739,159688,177176,35401,17493,37137,55609,25137,13322,5963,54425,45588,40761,10752,66965,24910,1518,6438,46723,22735,26666,18756,6112,22445,58683,86373,31888,56026,10065,54589,67999,8223,66961,10988,15517,88680,37206,8982,3539,22469
1516887001,101222,37990,119201,22096,118345,58993,69199,22334,49558,18929,40913,83251,21866,18527,15392,52103,40899,93051,53544,119339,48201,14205,83386,10536,12688,13633,39090,7896,11887,32541,15180,10718,208548,6147,31584,20922,4957,2975,54981,53908,102925,12601,10461,50270,173020,25236,3426,186397,51197,2969,21291,31348,14004,12493,16632,4056,7788,8897,4081,16104,6098,97399,56201,19846,69870,39054,11361,22623,63997,10380,28221,21411,8043,13060,1753,38419,22448,83582,89863,48076,12288,27294,159251,24922,97718,26240,11775,25575,3437,6297,158788,6543,17330,56721,11998,9702,16455,12766,11347,16021,15464,26785,130583,6823,181415,6409,101176,10322,105739,159688,177176,35401,17493,37137,55609,25137,13322,5963,54425,45588,40761,10752,66965,24910,1518,6438,46723,22735,26666,18756,6112,22445,58683,86373,31888,56026,10065,54589,67999,8223,66961,10988,15517,88680,37206,8982,3539,22469
1516887301,101222,37990,119201,22096,118345,58993,69199,22334,49558,18929,40913,83251,21866,18527,15392,52103,40899,93051,53544,119339,48201,14205,83386,10536,12688,13633,39090,7896,11887,32541,15180,10718,208548,6147,31584,20922,4957,2975,54981,53908,102925,12601,10461,50270,173020,25236,3426,186397,51197,2969,21291,31348,14004,12493,16632,4056,7788,8897,4081,16104,6098,97399,56201,19846,69870,39054,11361,22623,63997,10380,28221,21411,8043,13060,1753,38419,22448,83582,89863,48076,12288,27294,159251,24922,97718,26240,11775,25575,3437,6297,158788,6543,17330,56721,11998,9702,16455,12766,11347,16021,15464,26785,130583,6823,181415,6409,101176,10322,105739,159688,177176,35401,17493,37137,55609,25137,13322,5963,54425,45588,40761,10752,66965,24910,1518,6438,46723,22735,26666,18756,6112,22445,58683,86373,31888,56026,10065,54589,67999,8223,66961,10988,15517,88680,37206,8982,3539,22469
1516887601,101222,37990,119201,22096,118345,58993,69199,22334,49558,18929,40913,83251,21866,18527,15392,52103,40899,93051,53544,119339,48201,14205,83386,10536,12688,13633,39090,7896,11887,32541,15180,10718,208548,6147,31584,20922,4957,2975,54981,53908,102925,12601,10461,50270,173020,25236,3426,186397,51197,2969,21291,31348,14004,12493,16632,4056,7788,8897,4081,16104,6098,97399,56201,19846,69870,39054,11361,22623,63997,10380,28221,21411,8043,13060,1753,38419,22448,83582,89863,48076,12288,27294,159251,24922,97718,26240,11775,25575,3437,6297,158788,6543,17330,56721,11998,9702,16455,12766,11347,16021,15464,26785,130583,6823,181415,6409,101176,10322,105739,159688,177176,35401,17493,37137,55609,25137,13322,5963,54425,45588,40761,10752,66965,24910,1518,6438,46723,22735,26666,18756,6112,22445,58683,86373,31888,56026,10065,54589,67999,8223,66961,10988,15517,88680,37206,8982,3539,22469
1516887901,101222,37990,119201,22096,118345,58993,69199,22334,49558,18929,40913,83251,21866,18527,15392,52103,40899,93051,53544,119339,48201,14205,83386,10536,12688,13633,39090,7896,11887,32541,15180,10718,208548,6147,31584,20922,4957,2975,54981,53908,102925,12601,10461,50270,173020,25236,3426,186397,51197,2969,21291,31348,14004,12493,16632,4056,7788,8897,4081,16104,6098,97399,56201,19846,69870,39054,11361,22623,63997,10380,28221,21411,8043,13060,1753,38419,22448,83582,89863,48076,12288,27294,159251,24922,97718,26240,11775,25575,3437,6297,158788,6543,17330,56721,11998,9702,16455,12766,11347,16021,15464,26785,130583,6823,181415,6409,101176,10322,105739,159688,177176,35401,17493,37137,55609,25137,13322,5963,54425,45588,40761,10752,66965,24910,1518,6438,46723,22735,26666,18756,6112,22445,58683,86373,31888,56026,10065,54589,67999,8223,66961,10988,15517,88680,37206,8982,3539,22469
1516888201,101222,37990,119201,22096,118345,58993,69199,22334,49558,18929,40913,83251,21866,18527,15392,52103,40899,93051,53544,119339,48201,14205,83386,10536,12688,13633,39090,7896,11887,32541,15180,10718,208548,6147,31584,20922,4957,2975,54981,53908,102925,12601,10461,50270,173020,25236,3426,186397,51197,2969,21291,31348,14004,12493,16632,4056,7788,8897,4081,16104,6098,97399,56201,19846,69870,39054,11361,22623,63997,10380,28221,21411,8043,13060,1753,38419,22448,83582,89863,48076,12288,27294,159251,24922,97718,26240,11775,25575,3437,6297,158788,6543,17330,56721,11998,9702,16455,12766,11347,16021,15464,26785,130583,6823,181415,6409,101176,10322,105739,159688,177176,35401,17493,37137,55609,25137,13322,5963,54425,45588,40761,10752,66965,24910,1518,6438,46723,22735,26666,18756,6112,22445,58683,86373,31888,56026,10065,54589,67999,8223,66961,10988,15517,88680,37206,8982,3539,22469
1516888501,101222,37990,119201,22096,118345,58993,69199,22334,49558,18929,40913,83251,21866,18527,15392,52103,40899,93051,53544,119339,48201,14205,83386,10536,12688,13633,39090,7896,11887,32541,15180,10718,208548,6147,31584,20922,4957,2975,54981,53908,102925,12601,10461,50270,173020,25236,3426,186397,51197,2969,21291,31348,14004,12493,16632,4056,7788,8897,4081,16104,6098,97399,56201,19846,69870,39054,11361,22623,63997,10380,28221,21411,8043,13060,1753,38419,22448,83582,89863,48076,12288,27294,159251,24922,97718,26240,11775,25575,3437,6297,158788,6543,17330,56721,11998,9702,16455,12766,11347,16021,15464,26785,130583,6823,181415,6409,101176,10322,105739,159688,177176,35401,17493,37137,55609,25137,13322,5963,54425,45588,40761,10752,66965,24910,1518,6438,46723,22735,26666,18756,6112,22445,58683,86373,31888,56026,10065,54589,67999,8223,66961,10988,15517,88680,37206,8982,3539,22469
1516888801,101222,37990,119201,22096,118345,58993,69199,22334,49558,18929,40913,83251,21866,18527,15392,52103,40899,93051,53544,119339,48201,14205,83386,10536,12688,13633,39090,7896,11887,32541,15180,10718,208548,6147,31584,20922,4957,2975,54981,53908,102925,12601,10461,50270,173020,25236,3426,186397,51197,2969,21291,31348,14004,12493,16632,4056,7788,8897,4081,16104,6098,97399,56201,19846,69870,39054,11361,22623,63997,10380,28221,21411,8043,13060,1753,38419,22448,83582,89863,48076,12288,27294,159251,24922,97718,26240,11775,25575,3437,6297,158788,6543,17330,56721,11998,9702,16455,12766,11347,16021,15464,26785,130583,6823,181415,6409,101176,10322,105739,159688,177176,35401,17493,37137,55609,25137,13322,5963,54425,45588,40761,10752,66965,24910,1518,6438,46723,22735,26666,18756,6112,22445,58683,86373,31888,56026,10065,54589,67999,8223,66961,10988,15517,88680,37206,8982,3539,22469
1516889101,101222,37990,119201,22096,118345,58993,69199,22334,49558,18929,40913,83251,21866,18527,15392,52103,40899,93051,53544,119339,48201,14205,83386,10536,12688,13633,39090,7896,11887,32541,15180,10718,208548,6147,31584,20922,4957,2975,54981,53908,102925,12601,10461,50270,173020,25236,3426,186397,51197,2969,21291,31348,14004,12493,16632,4056,7788,8897,4081,16104,6098,97399,56201,19846,69870,39054,11361,22623,63997,10380,28221,21411,8043,13060,1753,38419,22448,83582,89863,48076,12288,27294,159251,24922,97718,26240,11775,25575,3437,6297,158788,6543,17330,56721,11998,9702,16455,12766,11347,16021,15464,26785,130583,6823,181415,6409,101176,10322,105739,159688,177176,35401,17493,37137,55609,25137,13322,5963,54425,45588,40761,10752,66965,24910,1518,6438,46723,22735,26666,18756,6112,22445,58683,86373,31888,56026,10065,54589,67999,8223,66961,10988,15517,88680,37206,8982,3539,22469
1516889401,101222,37990,119201,22096,118345,58993,69199,22334,49558,18929,40913,83251,21866,18527,15392,52103,40899,93051,53544,119339,48201,14205,83386,10536,12688,13633,39090,7896,11887,32541,15180,10718,208548,6147,31584,20922,4957,2975,54981,53908,102925,12601,10461,50270,173020,25236,3426,186397,51197,2969,21291,31348,14004,12493,16632,4056,7788,8897,4081,16104,6098,97399,56201,19846,69870,39054,11361,22623,63997,10380,28221,21411,8043,13060,1753,38419,22448,83582,89863,48076,12288,27294,159251,24922,97718,26240,11775,25575,3437,6297,158788,6543,17330,56721,11998,9702,16455,12766,11347,16021,15464,26785,130583,6823,181415,6409,101176,10322,105739,159688,177176,35401,17493,37137,55609,25137,13322,5963,54425,45588,40761,10752,66965,24910,1518,6438,46723,22735,26666,18756,6112,22445,58683,86373,31888,56026,10065,54589,67999,8223,66961,10988,15517,88680,37206,8982,3539,22469
1516889701,101222,37990,119201,22096,118345,58993,69199,22334,49558,18929,40913,83251,21866,18527,15392,52103,40899,93051,53544,119339,48201,14205,83386,10536,12688,13633,39090,7896,11887,32541,15180,10718,208548,6147,31584,20922,4957,2975,54981,53908,102925,12601,10461,50270,173020,25236,3426,186397,51197,2969,21291,31348,14004,12493,16632,4056,7788,8897,4081,16104,6098,97399,56201,19846,69870,39054,11361,22623,63997,10380,28221,21411,8043,13060,1753,38419,22448,83582,89863,48076,12288,27294,159251,24922,97718,26240,11775,25575,3437,6297,158788,6543,17330,56721,11998,9702,16455,12766,11347,16021,15464,26785,130583,6823,181415,6409,101176,10322,105739,159688,177176,35401,17493,37137,55609,25137,13322,5963,54425,45588,40761,10752,66965,24910,1518,6438,46723,22735,26666,18756,6112,22445,58683,86373,31888,56026,10065,54589,67999,8223,66961,10988,15517,88680,37206,8982,3539,22469
1516890001,101222,37990,119201,22096,118345,58993,69199,22334,49558,18929,40913,83251,21866,18527,15392,52103,40899,93051,53544,119339,48201,14205,83386,10536,12688,13633,39090,7896,11887,32541,15180,10718,208548,6147,31584,20922,4957,2975,54981,53908,102925,12601,10461,50270,173020,25236,3426,186397,51197,2969,21291,31348,14004,12493,16632,4056,7788,8897,4081,16104,6098,97399,56201,19846,69870,39054,11361,22623,63997,10380,28221,21411,8043,13060,1753,38419,22448,83582,89863,48076,12288,27294,159251,24922,97718,26240,11775,25575,3437,6297,158788,6543,17330,56721,11998,9702,16455,12766,11347,16021,15464,26785,130583,6823,181415,6409,101176,10322,105739,159688,177176,35401,17493,37137,55609,25137,13322,5963,54425,45588,40761,10752,66965,24910,1518,6438,46723,22735,26666,18756,6112,22445,58683,86373,31888,56026,10065,54589,67999,8223,66961,10988,15517,88680,37206,8982,3539,22469
1516890301,101222,37990,119201,22096,118345,58993,69199,22334,49558,18929,40913,83251,21866,18527,15392,52103,40899,93051,53544,119339,48201,14205,83386,10536,12688,13633,39090,7896,11887,32541,15180,10718,208548,6147,31584,20922,4957,2975,54981,53908,102925,12601,10461,50270,173020,25236,3426,186397,51197,2969,21291,31348,14004,12493,16632,4056,7788,8897,4081,16104,6098,97399,56201,19846,69870,39054,11361,22623,63997,10380,28221,21411,8043,13060,1753,38419,22448,83582,89863,48076,12288,27294,159251,24922,97718,26240,11775,25575,3437,6297,158788,6543,17330,56721,11998,9702,16455,12766,11347,16021,15464,26785,130583,6823,181415,6409,101176,10322,105739,159688,177176,35401,17493,37137,55609,25137,13322,5963,54425,45588,40761,10752,66965,24910,1518,6438,46723,22735,26666,18756,6112,22445,58683,86373,31888,56026,10065,54589,67999,8223,66961,10988,15517,88680,37206,8982,3539,22469
1516890601,101222,37990,119201,22096,118345,58993,69199,22334,49558,18929,40913,83251,21866,18527,15392,52103,40899,93051,53544,119339,48201,14205,83386,10536,12688,13633,39090,7896,11887,32541,15180,10718,208548,6147,31584,20922,4957,2975,54981,53908,102925,12601,10461,50270,173020,25236,3426,186397,51197,2969,21291,31348,14004,12493,16632,4056,7788,8897,4081,16104,6098,97399,56201,19846,69870,39054,11361,22623,63997,10380,28221,21411,8043,13060,1753,38419,22448,83582,89863,48076,12288,27294,159251,24922,97718,26240,11775,25575,3437,6297,158788,6543,17330,56721,11998,9702,16455,12766,11347,16021,15464,26785,130583,6823,181415,6409,101176,10322,105739,159688,177176,35401,17493,37137,55609,25137,13322,5963,54425,45588,40761,10752,66965,24910,1518,6438,46723,22735,26666,18756,6112,22445,58683,86373,31888,56026,10065,54589,67999,8223,66961,10988,15517,88680,37206,8982,3539,22469
1516890901,101222,37990,119201,22096,118345,58993,69199,22334,49558,18929,40913,83251,21866,18527,15392,52103,40899,93051,53544,119339,48201,14205,83386,10536,12688,13633,39090,7896,11887,32541,15180,10718,208548,6147,31584,20922,4957,2975,54981,53908,102925,12601,10461,50270,173020,25236,3426,186397,51197,2969,21291,31348,14004,12493,16632,4056,7788,8897,4081,16104,6098,97399,56201,19846,69870,39054,11361,22623,63997,10380,28221,21411,8043,13060,1753,38419,22448,83582,89863,48076,12288,27294,159251,24922,97718,26240,11775,25575,3437,6297,158788,6543,17330,56721,11998,9702,16455,12766,11347,16021,15464,26785,130583,6823,181415,6409,101176,10322,105739,159688,177176,35401,17493,37137,55609,25137,13322,5963,54425,45588,40761,10752,66965,24910,1518,6438,46723,22735,26666,18756,6112,22445,58683,86373,31888,56026,10065,54589,67999,8223,66961,10988,15517,88680,37206,8982,3539,22469
1516891201,101222,37990,119201,22096,118345,58993,69199,22334,49558,18929,40913,83251,21866,18527,15392,52103,40899,93051,53544,119339,48201,14205,83386,10536,12688,13633,39090,7896,11887,32541,15180,10718,208548,6147,31584,20922,4957,2975,54981,53908,102925,12601,10461,50270,173020,25236,3426,186397,51197,2969,21291,31348,14004,12493,16632,4056,7788,8897,4081,16104,6098,97399,56201,19846,69870,39054,11361,22623,63997,10380,28221,21411,8043,13060,1753,38419,22448,83582,89863,48076,12288,27294,159251,24922,97718,26240,11775,25575,3437,6297,158788,6543,17330,56721,11998,9702,16455,12766,11347,16021,15464,26785,130583,6823,181415,6409,101176,10322,105739,159688,177176,35401,17493,37137,55609,25137,13322,5963,54425,45588,40761,10752,66965,24910,1518,6438,46723,22735,26666,18756,6112,22445,58683,86373,31888,56026,10065,54589,67999,8223,66961,10988,15517,88680,37206,8982,3539,22469
1516891501,101222,37990,119201,22096,118345,58993,69199,22334,49558,18929,40913,83251,21866,18527,15392,52103,40899,93051,53544,119339,48201,14205,83386,10536,12688,13633,39090,7896,11887,32541,15180,10718,208548,6147,31584,20922,4957,2975,54981,53908,102925,12601,10461,50270,173020,25236,3426,186397,51197,2969,21291,31348,14004,12493,16632,4056,7788,8897,4081,16104,6098,97399,56201,19846,69870,39054,11361,22623,63997,10380,28221,21411,8043,13060,1753,38419,22448,83582,89863,48076,12288,27294,159251,24922,97718,26240,11775,25575,3437,6297,158788,6543,17330,56721,11998,9702,16455,12766,11347,16021,15464,26785,130583,6823,181415,6409,101176,10322,105739,159688,177176,35401,17493,37137,55609,25137,13322,5963,54425,45588,40761,10752,66965,24910,1518,6438,46723,22735,26666,18756,6112,22445,58683,86373,31888,56026,10065,54589,67999,8223,66961,10988,15517,88680,37206,8982,3539,22469
1516891801,101222,37990,119201,22096,118345,58993,69199,22334,49558,18929,40913,83251,21866,18527,15392,52103,40899,93051,53544,119339,48201,14205,83386,10536,12688,13633,39090,7896,11887,32541,15180,10718,208548,6147,31584,20922,4957,2975,54981,53908,102925,12601,10461,50270,173020,25236,3426,186397,51197,2969,21291,31348,14004,12493,16632,4056,7788,8897,4081,16104,6098,97399,56201,19846,69870,39054,11361,22623,63997,10380,28221,21411,8043,13060,1753,38419,22448,83582,89863,48076,12288,27294,159251,24922,97718,26240,11775,25575,3437,6297,158788,6543,17330,56721,11998,9702,16455,12766,11347,16021,15464,26785,130583,6823,181415,6409,101176,10322,105739,159688,177176,35401,17493,37137,55609,25137,13322,5963,54425,45588,40761,10752,66965,24910,1518,6438,46723,22735,26666,18756,6112,22445,58683,86373,31888,56026,10065,54589,67999,8223,66961,10988,15517,88680,37206,8982,3539,22469
1516892101,101222,37990,119201,22096,118345,58993,69199,22334,49558,18929,40913,83251,21866,18527,15392,52103,40899,93051,53544,119339,48201,14205,83386,10536,12688,13633,39090,7896,11887,32541,15180,10718,208548,6147,31584,20922,4957,2975,54981,53908,102925,12601,10461,50270,173020,25236,3426,186397,51197,2969,21291,31348,14004,12493,16632,4056,7788,8897,4081,16104,6098,97399,56201,19846,69870,39054,11361,22623,63997,10380,28221,21411,8043,13060,1753,38419,22448,83582,89863,48076,12288,27294,159251,24922,97718,26240,11775,25575,3437,6297,158788,6543,17330,56721,11998,9702,16455,12766,11347,16021,15464,26785,130583,6823,181415,6409,101176,10322,105739,159688,177176,35401,17493,37137,55609,25137,13322,5963,54425,45588,40761,10752,66965,24910,1518,6438,46723,22735,26666,18756,6112,22445,58683,86373,31888,56026,10065,54589,67999,8223,66961,10988,15517,88680,37206,8982,3539,22469
1516892401,101222,37990,119201,22096,118345,58993,69199,22334,49558,18929,40913,83251,21866,18527,15392,52103,40899,93051,53544,119339,48201,14205,83386,10536,12688,13633,39090,7896,11887,32541,15180,10718,208548,6147,31584,20922,4957,2975,54981,53908,102925,12601,10461,50270,173020,25236,3426,186397,51197,2969,21291,31348,14004,12493,16632,4056,7788,8897,4081,16104,6098,97399,56201,19846,69870,39054,11361,22623,63997,10380,28221,21411,8043,13060,1753,38419,22448,83582,89863,48076,12288,27294,159251,24922,97718,26240,11775,25575,3437,6297,158788,6543,17330,56721,11998,9702,16455,12766,11347,16021,15464,26785,130583,6823,181415,6409,101176,10322,105739,159688,177176,35401,17493,37137,55609,25137,13322,5963,54425,45588,40761,10752,66965,24910,1518,6438,46723,22735,26666,18756,6112,22445,58683,86373,31888,56026,10065,54589,67999,8223,66961,10988,15517,88680,37206,8982,3539,22469
1516892701,101222,37990,119201,22096,118345,58993,69199,22334,49558,18929,40913,83251,21866,18527,15392,52103,40899,93051,53544,119339,48201,14205,83386,10536,12688,13633,39090,7896,11887,32541,15180,10718,208548,6147,31584,20922,4957,2975,54981,53908,102925,12601,10461,50270,173020,25236,3426,186397,51197,2969,21291,31348,14004,12493,16632,4056,7788,8897,4081,16104,6098,97399,56201,19846,69870,39054,11361,22623,63997,10380,28221,21411,8043,13060,1753,38419,22448,83582,89863,48076,12288,27294,159251,24922,97718,26240,11775,25575,3437,6297,158788,6543,17330,56721,11998,9702,16455,12766,11347,16021,15464,26785,130583,6823,181415,6409,101176,10322,105739,159688,177176,35401,17493,37137,55609,25137,13322,5963,54425,45588,40761,10752,66965,24910,1518,6438,46723,22735,26666,18756,6112,22445,58683,86373,31888,56026,10065,54589,67999,8223,66961,10988,15517,88680,37206,8982,3539,22469
1516893001,101222,37990,119201,22096,118345,58993,69199,22334,49558,18929,40913,83251,21866,18527,15392,52103,40899,93051,53544,119339,48201,14205,83386,10536,12688,13633,39090,7896,11887,32541,15180,10718,208548,6147,31584,20922,4957,2975,54981,53908,102925,12601,10461,50270,173020,25236,3426,186397,51197,2969,21291,31348,14004,12493,16632,4056,7788,8897,4081,16104,6098,97399,56201,19846,69870,39054,11361,22623,63997,10380,28221,21411,8043,13060,1753,38419,22448,83582,89863,48076,12288,27294,159251,24922,97718,26240,11775,25575,3437,6297,158788,6543,17330,56721,11998,9702,16455,12766,11347,16021,15464,26785,130583,6823,181415,6409,101176,10322,105739,159688,177176,35401,17493,37137,55609,25137,13322,5963,54425,45588,40761,10752,66965,24910,1518,6438,46723,22735,26666,18756,6112,22445,58683,86373,31888,56026,10065,54589,67999,8223,66961,10988,15517,88680,37206,8982,3539,22469
1516893302,101222,37990,119201,22096,118345,58993,69199,22334,49558,18929,40913,83251,21866,18527,15392,52103,40899,93051,53544,119339,48201,14205,83386,10536,12688,13633,39090,7896,11887,32541,15180,10718,208548,6147,31584,20922,4957,2975,54981,53908,102925,12601,10461,50270,173020,25236,3426,186397,51197,2969,21291,31348,14004,12493,16632,4056,7788,8897,4081,16104,6098,97399,56201,19846,69870,39054,11361,22623,63997,10380,28221,21411,8043,13060,1753,38419,22448,83582,89863,48076,12288,27294,159251,24922,97718,26240,11775,25575,3437,6297,158788,6543,17330,56721,11998,9702,16455,12766,11347,16021,15464,26785,130583,6823,181415,6409,101176,10322,105739,159688,177176,35401,17493,37137,55609,25137,13322,5963,54425,45588,40761,10752,66965,24910,1518,6438,46723,22735,26666,18756,6112,22445,58683,86373,31888,56026,10065,54589,67999,8223,66961,10988,15517,88680,37206,8982,3539,22469
1516893601,101222,37990,119201,22096,118345,58993,69199,22334,49558,18929,40913,83251,21866,18527,15392,52103,40899,93051,53544,119339,48201,14205,83386,10536,12688,13633,39090,7896,11887,32541,15180,10718,208548,6147,31584,20922,4957,2975,54981,53908,102925,12601,10461,50270,173020,25236,3426,186397,51197,2969,21291,31348,14004,12493,16632,4056,7788,8897,4081,16104,6098,97399,56201,19846,69870,39054,11361,22623,63997,10380,28221,21411,8043,13060,1753,38419,22448,83582,89863,48076,12288,27294,159251,24922,97718,26240,11775,25575,3437,6297,158788,6543,17330,56721,11998,9702,16455,12766,11347,16021,15464,26785,130583,6823,181415,6409,101176,10322,105739,159688,177176,35401,17493,37137,55609,25137,13322,5963,54425,45588,40761,10752,66965,24910,1518,6438,46723,22735,26666,18756,6112,22445,58683,86373,31888,56026,10065,54589,67999,8223,66961,10988,15517,88680,37206,8982,3539,22469
1516893901,101222,37990,119201,22096,118345,58993,69199,22334,49558,18929,40913,83251,21866,18527,15392,52103,40899,93051,53544,119339,48201,14205,83386,10536,12688,13633,39090,7896,11887,32541,15180,10718,208548,6147,31584,20922,4957,2975,54981,53908,102925,12601,10461,50270,173020,25236,3426,186397,51197,2969,21291,31348,14004,12493,16632,4056,7788,8897,4081,16104,6098,97399,56201,19846,69870,39054,11361,22623,63997,10380,28221,21411,8043,13060,1753,38419,22448,83582,89863,48076,12288,27294,159251,24922,97718,26240,11775,25575,3437,6297,158788,6543,17330,56721,11998,9702,16455,12766,11347,16021,15464,26785,130583,6823,181415,6409,101176,10322,105739,159688,177176,35401,17493,37137,55609,25137,13322,5963,54425,45588,40761,10752,66965,24910,1518,6438,46723,22735,26666,18756,6112,22445,58683,86373,31888,56026,10065,54589,67999,8223,66961,10988,15517,88680,37206,8982,3539,22469
1516894201,101222,37990,119201,22096,118345,58993,69199,22334,49558,18929,40913,83251,21866,18527,15392,52103,40899,93051,53544,119339,48201,14205,83386,10536,12688,13633,39090,7896,11887,32541,15180,10718,208548,6147,31584,20922,4957,2975,54981,53908,102925,12601,10461,50270,173020,25236,3426,186397,51197,2969,21291,31348,14004,12493,16632,4056,7788,8897,4081,16104,6098,97399,56201,19846,69870,39054,11361,22623,63997,10380,28221,21411,8043,13060,1753,38419,22448,83582,89863,48076,12288,27294,159251,24922,97718,26240,11775,25575,3437,6297,158788,6543,17330,56721,11998,9702,16455,12766,11347,16021,15464,26785,130583,6823,181415,6409,101176,10322,105739,159688,177176,35401,17493,37137,55609,25137,13322,5963,54425,45588,40761,10752,66965,24910,1518,6438,46723,22735,26666,18756,6112,22445,58683,86373,31888,56026,10065,54589,67999,8223,66961,10988,15517,88680,37206,8982,3539,22469
1516894501,101222,37990,119201,22096,118345,58993,69199,22334,49558,18929,40913,83251,21866,18527,15392,52103,40899,93051,53544,119339,48201,14205,83386,10536,12688,13633,39090,7896,11887,32541,15180,10718,208548,6147,31584,20922,4957,2975,54981,53908,102925,12601,10461,50270,173020,25236,3426,186397,51197,2969,21291,31348,14004,12493,16632,4056,7788,8897,4081,16104,6098,97399,56201,19846,69870,39054,11361,22623,63997,10380,28221,21411,8043,13060,1753,38419,22448,83582,89863,48076,12288,27294,159251,24922,97718,26240,11775,25575,3437,6297,158788,6543,17330,56721,11998,9702,16455,12766,11347,16021,15464,26785,130583,6823,181415,6409,101176,10322,105739,159688,177176,35401,17493,37137,55609,25137,13322,5963,54425,45588,40761,10752,66965,24910,1518,6438,46723,22735,26666,18756,6112,22445,58683,86373,31888,56026,10065,54589,67999,8223,66961,10988,15517,88680,37206,8982,3539,22469
1516894801,101222,37990,119201,22096,118345,58993,69199,22334,49558,18929,40913,83251,21866,18527,15392,52103,40899,93051,53544,119339,48201,14205,83386,10536,12688,13633,39090,7896,11887,32541,15180,10718,208548,6147,31584,20922,4957,2975,54981,53908,102925,12601,10461,50270,173020,25236,3426,186397,51197,2969,21291,31348,14004,12493,16632,4056,7788,8897,4081,16104,6098,97399,56201,19846,69870,39054,11361,22623,63997,10380,28221,21411,8043,13060,1753,38419,22448,83582,89863,48076,12288,27294,159251,24922,97718,26240,11775,25575,3437,6297,158788,6543,17330,56721,11998,9702,16455,12766,11347,16021,15464,26785,130583,6823,181415,6409,101176,10322,105739,159688,177176,35401,17493,37137,55609,25137,13322,5963,54425,45588,40761,10752,66965,24910,1518,6438,46723,22735,26666,18756,6112,22445,58683,86373,31888,56026,10065,54589,67999,8223,66961,10988,15517,88680,37206,8982,3539,22469
1516895101,101222,37990,119201,22096,118345,58993,69199,22334,49558,18929,40913,83251,21866,18527,15392,52103,40899,93051,53544,119339,48201,14205,83386,10536,12688,13633,39090,7896,11887,32541,15180,10718,208548,6147,31584,20922,4957,2975,54981,53908,102925,12601,10461,50270,173020,25236,3426,186397,51197,2969,21291,31348,14004,12493,16632,4056,7788,8897,4081,16104,6098,97399,56201,19846,69870,39054,11361,22623,63997,10380,28221,21411,8043,13060,1753,38419,22448,83582,89863,48076,12288,27294,159251,24922,97718,26240,11775,25575,3437,6297,158788,6543,17330,56721,11998,9702,16455,12766,11347,16021,15464,26785,130583,6823,181415,6409,101176,10322,105739,159688,177176,35401,17493,37137,55609,25137,13322,5963,54425,45588,40761,10752,66965,24910,1518,6438,46723,22735,26666,18756,6112,22445,58683,86373,31888,56026,10065,54589,67999,8223,66961,10988,15517,88680,37206,8982,3539,22469
1516895401,101222,37990,119201,22096,118345,58993,69199,22334,49558,18929,40913,83251,21866,18527,15392,52103,40899,93051,53544,119339,48201,14205,83386,10536,12688,13633,39090,7896,11887,32541,15180,10718,208548,6147,31584,20922,4957,2975,54981,53908,102925,12601,10461,50270,173020,25236,3426,186397,51197,2969,21291,31348,14004,12493,16632,4056,7788,8897,4081,16104,6098,97399,56201,19846,69870,39054,11361,22623,63997,10380,28221,21411,8043,13060,1753,38419,22448,83582,89863,48076,12288,27294,159251,24922,97718,26240,11775,25575,3437,6297,158788,6543,17330,56721,11998,9702,16455,12766,11347,16021,15464,26785,130583,6823,181415,6409,101176,10322,105739,159688,177176,35401,17493,37137,55609,25137,13322,5963,54425,45588,40761,10752,66965,24910,1518,6438,46723,22735,26666,18756,6112,22445,58683,86373,31888,56026,10065,54589,67999,8223,66961,10988,15517,88680,37206,8982,3539,22469
1516895701,101222,37990,119201,22096,118345,58993,69199,22334,49558,18929,40913,83251,21866,18527,15392,52103,40899,93051,53544,119339,48201,14205,83386,10536,12688,13633,39090,7896,11887,32541,15180,10718,208548,6147,31584,20922,4957,2975,54981,53908,102925,12601,10461,50270,173020,25236,3426,186397,51197,2969,21291,31348,14004,12493,16632,4056,7788,8897,4081,16104,6098,97399,56201,19846,69870,39054,11361,22623,63997,10380,28221,21411,8043,13060,1753,38419,22448,83582,89863,48076,12288,27294,159251,24922,97718,26240,11775,25575,3437,6297,158788,6543,17330,56721,11998,9702,16455,12766,11347,16021,15464,26785,130583,6823,181415,6409,101176,10322,105739,159688,177176,35401,17493,37137,55609,25137,13322,5963,54425,45588,40761,10752,66965,24910,1518,6438,46723,22735,26666,18756,6112,22445,58683,86373,31888,56026,10065,54589,67999,8223,66961,10988,15517,88680,37206,8982,3539,22469
